Vernier Format 2
Untitled.sbl	14:56  Monday, March 25, 2019
Latest
Time	Transmittance	Absorbance
Time	%Trans	Abs
min	%	

0.000000000	97.768737793	0.009799992
0.016666668	97.768737793	0.009799992
0.033333335	97.791252136	0.009699993
0.050000004	97.791252136	0.009699993
0.066666670	97.791252136	0.009699993
0.083333336	97.791252136	0.009699993
0.100000009	97.791252136	0.009699993
0.116666675	97.746223450	0.009900013
0.133333340	97.768737793	0.009799992
0.150000006	97.791252136	0.009699993
0.166666672	97.791252136	0.009699993
0.183333337	97.768737793	0.009799992
0.200000018	97.791252136	0.009699993
0.216666684	97.768737793	0.009799992
0.233333349	97.768737793	0.009799992
0.250000000	97.768737793	0.009799992
0.266666681	97.768737793	0.009799992
0.283333361	97.768737793	0.009799992
0.300000012	97.768737793	0.009799992
0.316666692	97.791252136	0.009699993
0.333333343	97.791252136	0.009699993
0.350000024	97.768737793	0.009799992
0.366666675	97.791252136	0.009699993
0.383333355	97.813774109	0.009599984
0.400000036	97.791252136	0.009699993
0.416666687	97.791252136	0.009699993
0.433333367	97.813774109	0.009599984
0.450000018	97.791252136	0.009699993
0.466666698	97.791252136	0.009699993
0.483333349	97.836296082	0.009499997
0.500000000	97.858825684	0.009400000
0.516666710	97.903900146	0.009200007
0.533333361	97.903900146	0.009200007
0.550000012	97.903900146	0.009200007
0.566666722	97.881362915	0.009299992
0.583333373	97.903900146	0.009200007
0.600000024	97.881362915	0.009299992
0.616666675	97.881362915	0.009299992
0.633333385	97.881362915	0.009299992
0.650000036	97.881362915	0.009299992
0.666666687	97.858825684	0.009400000
0.683333397	97.881362915	0.009299992
0.700000048	97.858825684	0.009400000
0.716666698	97.858825684	0.009400000
0.733333349	97.858825684	0.009400000
0.750000060	97.881362915	0.009299992
0.766666710	97.881362915	0.009299992
0.783333361	97.881362915	0.009299992
0.800000072	97.903900146	0.009200007
0.816666722	97.948997498	0.009000004
0.833333373	97.971557617	0.008899987
0.850000024	97.994117737	0.008799993
0.866666734	97.994117737	0.008799993
0.883333385	98.039253235	0.008600006
0.900000036	98.084411621	0.008400009
0.916666687	98.220016479	0.007799997
0.933333397	98.310523987	0.007399989
0.950000048	98.423767090	0.006900017
0.966666698	98.491783142	0.006600000
0.983333409	98.401107788	0.007000012
1.000000000	98.514465332	0.006499995
1.016666770	98.787048340	0.005299991
1.033333421	98.832550049	0.005099999
1.050000072	98.878074646	0.004899999
1.066666722	98.878074646	0.004899999
1.083333373	99.014770508	0.004300015
1.100000024	99.083190918	0.004000016
1.116666675	99.106010437	0.003900006
1.133333445	99.174491882	0.003600016
1.150000095	99.174491882	0.003600016
1.166666746	99.174491882	0.003600016
1.183333397	99.174491882	0.003600016
1.200000048	99.174491882	0.003600016
1.216666698	99.197334290	0.003499998
1.233333349	99.243026733	0.003299999
1.250000119	99.243026733	0.003299999
1.266666770	99.197334290	0.003499998
1.283333421	99.220176697	0.003400004
1.300000072	99.220176697	0.003400004
1.316666722	99.243026733	0.003299999
1.333333373	99.265884399	0.003199984
1.350000024	99.265884399	0.003199984
1.366666794	99.265884399	0.003199984
1.383333445	99.265884399	0.003199984
1.400000095	99.288742065	0.003099991
1.416666746	99.288742065	0.003099991
1.433333397	99.288742065	0.003099991
1.450000048	99.311607361	0.002999989
1.466666698	99.288742065	0.003099991
1.483333468	99.288742065	0.003099991
1.500000119	99.311607361	0.002999989
1.516666770	99.311607361	0.002999989
1.533333421	99.334472656	0.002900010
1.550000072	99.334472656	0.002900010
1.566666722	99.357353210	0.002799986
1.583333373	99.357353210	0.002799986
1.600000143	99.357353210	0.002799986
1.616666794	99.334472656	0.002900010
1.633333445	99.357353210	0.002799986
1.650000095	99.357353210	0.002799986
1.666666746	99.380233765	0.002699986
1.683333397	99.403114319	0.002600009
1.700000048	99.403114319	0.002600009
1.716666698	99.380233765	0.002699986
1.733333468	99.380233765	0.002699986
1.750000119	99.403114319	0.002600009
1.766666770	99.403114319	0.002600009
1.783333421	99.403114319	0.002600009
1.800000072	99.403114319	0.002600009
1.816666722	99.403114319	0.002600009
1.833333373	99.403114319	0.002600009
1.850000143	99.403114319	0.002600009
1.866666794	99.380233765	0.002699986
1.883333445	99.403114319	0.002600009
1.900000095	99.403114319	0.002600009
1.916666746	99.403114319	0.002600009
1.933333397	99.403114319	0.002600009
1.950000048	99.403114319	0.002600009
1.966666818	99.403114319	0.002600009
1.983333468	99.403114319	0.002600009
2.000000000	99.403114319	0.002600009
2.016666889	99.403114319	0.002600009
2.033333540	99.380233765	0.002699986
2.050000191	99.357353210	0.002799986
2.066666842	99.357353210	0.002799986
2.083333492	99.357353210	0.002799986
2.100000143	99.380233765	0.002699986
2.116666794	99.357353210	0.002799986
2.133333445	99.357353210	0.002799986
2.150000095	99.334472656	0.002900010
2.166666746	99.357353210	0.002799986
2.183333397	99.357353210	0.002799986
2.200000048	99.357353210	0.002799986
2.216666698	99.357353210	0.002799986
2.233333349	99.357353210	0.002799986
2.250000000	99.357353210	0.002799986
2.266666889	99.357353210	0.002799986
2.283333540	99.380233765	0.002699986
2.300000191	99.357353210	0.002799986
2.316666842	99.357353210	0.002799986
2.333333492	99.380233765	0.002699986
2.350000143	99.403114319	0.002600009
2.366666794	99.426010132	0.002499988
2.383333445	99.403114319	0.002600009
2.400000095	99.403114319	0.002600009
2.416666746	99.403114319	0.002600009
2.433333397	99.403114319	0.002600009
2.450000048	99.426010132	0.002499988
2.466666698	99.403114319	0.002600009
2.483333349	99.380233765	0.002699986
2.500000238	99.380233765	0.002699986
2.516666889	99.380233765	0.002699986
2.533333540	99.380233765	0.002699986
2.550000191	99.357353210	0.002799986
2.566666842	99.357353210	0.002799986
2.583333492	99.357353210	0.002799986
2.600000143	99.357353210	0.002799986
2.616666794	99.357353210	0.002799986
2.633333445	99.357353210	0.002799986
2.650000095	99.357353210	0.002799986
2.666666746	99.357353210	0.002799986
2.683333397	99.357353210	0.002799986
2.700000048	99.357353210	0.002799986
2.716666698	99.357353210	0.002799986
2.733333588	99.357353210	0.002799986
2.750000238	99.357353210	0.002799986
2.766666889	99.357353210	0.002799986
2.783333540	99.357353210	0.002799986
2.800000191	99.334472656	0.002900010
2.816666842	99.334472656	0.002900010
2.833333492	99.334472656	0.002900010
2.850000143	99.334472656	0.002900010
2.866666794	99.334472656	0.002900010
2.883333445	99.334472656	0.002900010
2.900000095	99.334472656	0.002900010
2.916666746	99.334472656	0.002900010
2.933333397	99.334472656	0.002900010
2.950000048	99.334472656	0.002900010
2.966666937	99.357353210	0.002799986
2.983333588	99.357353210	0.002799986
3.000000238	99.357353210	0.002799986
3.016666889	99.403114319	0.002600009
3.033333540	99.426010132	0.002499988
3.050000191	99.403114319	0.002600009
3.066666842	99.403114319	0.002600009
3.083333492	99.403114319	0.002600009
3.100000143	99.403114319	0.002600009
3.116666794	99.403114319	0.002600009
3.133333445	99.403114319	0.002600009
3.150000095	99.403114319	0.002600009
3.166666746	99.403114319	0.002600009
3.183333397	99.426010132	0.002499988
3.200000286	99.426010132	0.002499988
3.216666937	99.426010132	0.002499988
3.233333588	99.426010132	0.002499988
3.250000238	99.426010132	0.002499988
3.266666889	99.403114319	0.002600009
3.283333540	99.403114319	0.002600009
3.300000191	99.426010132	0.002499988
3.316666842	99.403114319	0.002600009
3.333333492	99.403114319	0.002600009
3.350000143	99.403114319	0.002600009
3.366666794	99.403114319	0.002600009
3.383333445	99.426010132	0.002499988
3.400000095	99.471801758	0.002300015
3.416666746	99.471801758	0.002300015
3.433333397	99.448905945	0.002399990
3.450000286	99.448905945	0.002399990
3.466666937	99.448905945	0.002399990
3.483333588	99.448905945	0.002399990
3.500000238	99.586395264	0.001799988
3.516666889	99.655204773	0.001500014
3.533333540	100.000000000	0.000000000
3.550000191	100.000000000	0.000000000
3.566666842	99.953956604	0.000200010
3.583333492	99.426010132	0.002499988
3.600000143	99.426010132	0.002499988
3.616666794	99.426010132	0.002499988
3.633333445	99.426010132	0.002499988
3.650000095	99.403114319	0.002600009
3.666666746	99.403114319	0.002600009
3.683333635	99.426010132	0.002499988
3.700000286	99.426010132	0.002499988
3.716666937	99.403114319	0.002600009
3.733333588	99.426010132	0.002499988
3.750000238	99.426010132	0.002499988
3.766666889	99.403114319	0.002600009
3.783333540	99.403114319	0.002600009
3.800000191	99.403114319	0.002600009
3.816666842	99.403114319	0.002600009
3.833333492	99.403114319	0.002600009
3.850000143	99.380233765	0.002699986
3.866666794	99.357353210	0.002799986
3.883333445	99.357353210	0.002799986
3.900000095	99.357353210	0.002799986
3.916666985	99.357353210	0.002799986
3.933333635	99.334472656	0.002900010
3.950000286	99.334472656	0.002900010
3.966666937	99.311607361	0.002999989
3.983333588	99.311607361	0.002999989
4.000000000	99.334472656	0.002900010
4.016666889	99.334472656	0.002900010
4.033333778	99.334472656	0.002900010
4.050000191	99.311607361	0.002999989
4.066667080	99.311607361	0.002999989
4.083333492	99.311607361	0.002999989
4.100000381	99.311607361	0.002999989
4.116666794	99.311607361	0.002999989
4.133333683	99.311607361	0.002999989
4.150000095	99.288742065	0.003099991
4.166666985	99.288742065	0.003099991
4.183333397	99.288742065	0.003099991
4.200000286	99.288742065	0.003099991
4.216666698	99.288742065	0.003099991
4.233333588	99.288742065	0.003099991
4.250000000	99.288742065	0.003099991
4.266666889	99.288742065	0.003099991
4.283333778	99.288742065	0.003099991
4.300000191	99.288742065	0.003099991
4.316667080	99.288742065	0.003099991
4.333333492	99.288742065	0.003099991
4.350000381	99.288742065	0.003099991
4.366666794	99.265884399	0.003199984
4.383333683	99.288742065	0.003099991
4.400000095	99.288742065	0.003099991
4.416666985	99.265884399	0.003199984
4.433333397	99.288742065	0.003099991
4.450000286	99.288742065	0.003099991
4.466666698	99.288742065	0.003099991
4.483333588	99.288742065	0.003099991
4.500000000	99.288742065	0.003099991
4.516666889	99.288742065	0.003099991
4.533333778	99.288742065	0.003099991
4.550000191	99.288742065	0.003099991
4.566667080	99.288742065	0.003099991
4.583333492	99.311607361	0.002999989
4.600000381	99.311607361	0.002999989
4.616666794	99.334472656	0.002900010
4.633333683	99.334472656	0.002900010
4.650000095	99.334472656	0.002900010
4.666666985	99.311607361	0.002999989
4.683333397	99.311607361	0.002999989
4.700000286	99.334472656	0.002900010
4.716666698	99.334472656	0.002900010
4.733333588	99.334472656	0.002900010
4.750000477	99.311607361	0.002999989
4.766666889	99.311607361	0.002999989
4.783333778	99.311607361	0.002999989
4.800000191	99.311607361	0.002999989
4.816667080	99.311607361	0.002999989
4.833333492	99.311607361	0.002999989
4.850000381	99.311607361	0.002999989
4.866666794	99.311607361	0.002999989
4.883333683	99.311607361	0.002999989
4.900000095	99.334472656	0.002900010
4.916666985	99.334472656	0.002900010
4.933333397	99.311607361	0.002999989
4.950000286	99.311607361	0.002999989
4.966666698	99.311607361	0.002999989
4.983333588	99.311607361	0.002999989
5.000000477	99.334472656	0.002900010
5.016666889	99.311607361	0.002999989
5.033333778	99.311607361	0.002999989
5.050000191	99.311607361	0.002999989
5.066667080	99.311607361	0.002999989
5.083333492	99.311607361	0.002999989
5.100000381	99.311607361	0.002999989
5.116666794	99.311607361	0.002999989
5.133333683	99.311607361	0.002999989
5.150000095	99.311607361	0.002999989
5.166666985	99.311607361	0.002999989
5.183333397	99.311607361	0.002999989
5.200000286	99.311607361	0.002999989
5.216667175	99.311607361	0.002999989
5.233333588	99.288742065	0.003099991
5.250000477	99.288742065	0.003099991
5.266666889	99.288742065	0.003099991
5.283333778	99.288742065	0.003099991
5.300000191	99.288742065	0.003099991
5.316667080	99.311607361	0.002999989
5.333333492	99.288742065	0.003099991
5.350000381	99.288742065	0.003099991
5.366666794	99.288742065	0.003099991
5.383333683	99.265884399	0.003199984
5.400000095	99.265884399	0.003199984
5.416666985	99.243026733	0.003299999
5.433333397	99.265884399	0.003199984
5.450000286	99.265884399	0.003199984
5.466667175	99.243026733	0.003299999
5.483333588	99.265884399	0.003199984
5.500000477	99.265884399	0.003199984
5.516666889	99.243026733	0.003299999
5.533333778	99.243026733	0.003299999
5.550000191	99.243026733	0.003299999
5.566667080	99.243026733	0.003299999
5.583333492	99.243026733	0.003299999
5.600000381	99.243026733	0.003299999
5.616666794	99.243026733	0.003299999
5.633333683	99.243026733	0.003299999
5.650000095	99.265884399	0.003199984
5.666666985	99.265884399	0.003199984
5.683333397	99.243026733	0.003299999
5.700000286	99.243026733	0.003299999
5.716667175	99.243026733	0.003299999
5.733333588	99.243026733	0.003299999
5.750000477	99.243026733	0.003299999
5.766666889	99.243026733	0.003299999
5.783333778	99.243026733	0.003299999
5.800000191	99.243026733	0.003299999
5.816667080	99.243026733	0.003299999
5.833333492	99.265884399	0.003199984
5.850000381	99.265884399	0.003199984
5.866666794	99.243026733	0.003299999
5.883333683	99.243026733	0.003299999
5.900000095	99.243026733	0.003299999
5.916666985	99.243026733	0.003299999
5.933333874	99.243026733	0.003299999
5.950000286	99.265884399	0.003199984
5.966667175	99.243026733	0.003299999
5.983333588	99.243026733	0.003299999
6.000000477	99.243026733	0.003299999
6.016666889	99.243026733	0.003299999
6.033333778	99.243026733	0.003299999
6.050000191	99.243026733	0.003299999
6.066667080	99.243026733	0.003299999
6.083333492	99.243026733	0.003299999
6.100000381	99.243026733	0.003299999
6.116666794	99.243026733	0.003299999
6.133333683	99.243026733	0.003299999
6.150000095	99.243026733	0.003299999
6.166666985	99.243026733	0.003299999
6.183333874	99.243026733	0.003299999
6.200000286	99.243026733	0.003299999
6.216667175	99.243026733	0.003299999
6.233333588	99.243026733	0.003299999
6.250000477	99.243026733	0.003299999
6.266666889	99.220176697	0.003400004
6.283333778	99.220176697	0.003400004
6.300000191	99.243026733	0.003299999
6.316667080	99.265884399	0.003199984
6.333333492	99.265884399	0.003199984
6.350000381	99.265884399	0.003199984
6.366666794	99.265884399	0.003199984
6.383333683	99.265884399	0.003199984
6.400000572	99.265884399	0.003199984
6.416666985	99.265884399	0.003199984
6.433333874	99.265884399	0.003199984
6.450000286	99.265884399	0.003199984
6.466667175	99.265884399	0.003199984
6.483333588	99.265884399	0.003199984
6.500000477	99.265884399	0.003199984
6.516666889	99.265884399	0.003199984
6.533333778	99.265884399	0.003199984
6.550000191	99.265884399	0.003199984
6.566667080	99.265884399	0.003199984
6.583333492	99.265884399	0.003199984
6.600000381	99.265884399	0.003199984
6.616666794	99.288742065	0.003099991
6.633333683	99.288742065	0.003099991
6.650000572	99.311607361	0.002999989
6.666666985	99.288742065	0.003099991
6.683333874	99.288742065	0.003099991
6.700000286	99.288742065	0.003099991
6.716667175	99.311607361	0.002999989
6.733333588	99.288742065	0.003099991
6.750000477	99.288742065	0.003099991
6.766666889	99.265884399	0.003199984
6.783333778	99.288742065	0.003099991
6.800000191	99.288742065	0.003099991
6.816667080	99.265884399	0.003199984
6.833333492	99.265884399	0.003199984
6.850000381	99.288742065	0.003099991
6.866666794	99.288742065	0.003099991
6.883333683	99.265884399	0.003199984
6.900000572	99.265884399	0.003199984
6.916666985	99.265884399	0.003199984
6.933333874	99.265884399	0.003199984
6.950000286	99.265884399	0.003199984
6.966667175	99.265884399	0.003199984
6.983333588	99.265884399	0.003199984
7.000000477	99.265884399	0.003199984
7.016666889	99.288742065	0.003099991
7.033333778	99.288742065	0.003099991
7.050000191	99.288742065	0.003099991
7.066667080	99.288742065	0.003099991
7.083333492	99.288742065	0.003099991
7.100000381	99.311607361	0.002999989
7.116667271	99.311607361	0.002999989
7.133333683	99.311607361	0.002999989
7.150000572	99.311607361	0.002999989
7.166666985	99.311607361	0.002999989
7.183333874	99.311607361	0.002999989
7.200000286	99.311607361	0.002999989
7.216667175	99.334472656	0.002900010
7.233333588	99.334472656	0.002900010
7.250000477	99.311607361	0.002999989
7.266666889	99.334472656	0.002900010
7.283333778	99.357353210	0.002799986
7.300000191	99.334472656	0.002900010
7.316667080	99.334472656	0.002900010
7.333333492	99.334472656	0.002900010
7.350000381	99.357353210	0.002799986
7.366667271	99.334472656	0.002900010
7.383333683	99.357353210	0.002799986
7.400000572	99.357353210	0.002799986
7.416666985	99.357353210	0.002799986
7.433333874	99.357353210	0.002799986
7.450000286	99.357353210	0.002799986
7.466667175	99.357353210	0.002799986
7.483333588	99.357353210	0.002799986
7.500000477	99.334472656	0.002900010
7.516666889	99.357353210	0.002799986
7.533333778	99.334472656	0.002900010
7.550000191	99.357353210	0.002799986
7.566667080	99.357353210	0.002799986
7.583333492	99.357353210	0.002799986
7.600000381	99.357353210	0.002799986
7.616667271	99.380233765	0.002699986
7.633333683	99.380233765	0.002699986
7.650000572	99.380233765	0.002699986
7.666666985	99.380233765	0.002699986
7.683333874	99.357353210	0.002799986
7.700000286	99.357353210	0.002799986
7.716667175	99.357353210	0.002799986
7.733333588	99.357353210	0.002799986
7.750000477	99.357353210	0.002799986
7.766666889	99.357353210	0.002799986
7.783333778	99.380233765	0.002699986
7.800000191	99.380233765	0.002699986
7.816667080	99.357353210	0.002799986
7.833333969	99.380233765	0.002699986
7.850000381	99.357353210	0.002799986
7.866667271	99.380233765	0.002699986
7.883333683	99.380233765	0.002699986
7.900000572	99.380233765	0.002699986
7.916666985	99.380233765	0.002699986
7.933333874	99.380233765	0.002699986
7.950000286	99.380233765	0.002699986
7.966667175	99.380233765	0.002699986
7.983333588	99.403114319	0.002600009
8.000000000	99.403114319	0.002600009
8.016667366	99.380233765	0.002699986
8.033333778	99.403114319	0.002600009
8.050000191	99.403114319	0.002600009
8.066667557	99.426010132	0.002499988
8.083333969	99.448905945	0.002399990
8.100000381	99.426010132	0.002499988
8.116666794	99.426010132	0.002499988
8.133334160	99.448905945	0.002399990
8.150000572	99.448905945	0.002399990
8.166666985	99.448905945	0.002399990
8.183333397	99.448905945	0.002399990
8.200000763	99.448905945	0.002399990
8.216667175	99.448905945	0.002399990
8.233333588	99.448905945	0.002399990
8.250000000	99.448905945	0.002399990
8.266667366	99.448905945	0.002399990
8.283333778	99.448905945	0.002399990
8.300000191	99.448905945	0.002399990
8.316667557	99.448905945	0.002399990
8.333333969	99.448905945	0.002399990
8.350000381	99.448905945	0.002399990
8.366666794	99.448905945	0.002399990
8.383334160	99.448905945	0.002399990
8.400000572	99.448905945	0.002399990
8.416666985	99.448905945	0.002399990
8.433333397	99.426010132	0.002499988
8.450000763	99.448905945	0.002399990
8.466667175	99.426010132	0.002499988
8.483333588	99.403114319	0.002600009
8.500000000	99.426010132	0.002499988
8.516667366	99.426010132	0.002499988
8.533333778	99.426010132	0.002499988
8.550000191	99.426010132	0.002499988
8.566667557	99.403114319	0.002600009
8.583333969	99.403114319	0.002600009
8.600000381	99.403114319	0.002600009
8.616666794	99.403114319	0.002600009
8.633334160	99.403114319	0.002600009
8.650000572	99.403114319	0.002600009
8.666666985	99.380233765	0.002699986
8.683333397	99.380233765	0.002699986
8.700000763	99.380233765	0.002699986
8.716667175	99.380233765	0.002699986
8.733333588	99.380233765	0.002699986
8.750000000	99.403114319	0.002600009
8.766667366	99.357353210	0.002799986
8.783333778	99.380233765	0.002699986
8.800000191	99.380233765	0.002699986
8.816667557	99.380233765	0.002699986
8.833333969	99.380233765	0.002699986
8.850000381	99.357353210	0.002799986
8.866666794	99.380233765	0.002699986
8.883334160	99.357353210	0.002799986
8.900000572	99.357353210	0.002799986
8.916666985	99.357353210	0.002799986
8.933333397	99.357353210	0.002799986
8.950000763	99.380233765	0.002699986
8.966667175	99.380233765	0.002699986
8.983333588	99.380233765	0.002699986
9.000000000	99.357353210	0.002799986
9.016667366	99.357353210	0.002799986
9.033333778	99.357353210	0.002799986
9.050000191	99.380233765	0.002699986
9.066667557	99.380233765	0.002699986
9.083333969	99.380233765	0.002699986
9.100000381	99.380233765	0.002699986
9.116666794	99.380233765	0.002699986
9.133334160	99.380233765	0.002699986
9.150000572	99.403114319	0.002600009
9.166666985	99.403114319	0.002600009
9.183333397	99.403114319	0.002600009
9.200000763	99.403114319	0.002600009
