Vernier Format 2
Untitled.sbl	14:18  Monday, March 25, 2019
Latest
Time	Transmittance	Absorbance
Time	%Trans	Abs
min	%	

0.000000000	100.000000000	0.000000000
0.016666668	100.000000000	0.000000000
0.033333335	100.000000000	0.000000000
0.050000004	100.000000000	0.000000000
0.066666670	100.000000000	0.000000000
0.083333336	100.000000000	0.000000000
0.100000009	100.000000000	0.000000000
0.116666675	100.000000000	0.000000000
0.133333340	100.000000000	0.000000000
0.150000006	100.000000000	0.000000000
0.166666672	100.000000000	0.000000000
0.183333337	100.000000000	0.000000000
0.200000018	100.000000000	0.000000000
0.216666684	100.000000000	0.000000000
0.233333349	100.000000000	0.000000000
0.250000000	100.000000000	0.000000000
0.266666681	100.000000000	0.000000000
0.283333361	100.000000000	0.000000000
0.300000012	100.000000000	0.000000000
0.316666692	100.000000000	0.000000000
0.333333343	100.000000000	0.000000000
0.350000024	100.000000000	0.000000000
0.366666675	100.000000000	0.000000000
0.383333355	100.000000000	0.000000000
0.400000036	100.000000000	0.000000000
0.416666687	100.000000000	0.000000000
0.433333367	100.000000000	0.000000000
0.450000018	100.000000000	0.000000000
0.466666698	100.000000000	0.000000000
0.483333349	100.000000000	0.000000000
0.500000000	100.000000000	0.000000000
0.516666710	100.000000000	0.000000000
0.533333361	100.000000000	0.000000000
0.550000012	100.000000000	0.000000000
0.566666722	100.000000000	0.000000000
0.583333373	100.000000000	0.000000000
0.600000024	100.000000000	0.000000000
0.616666675	100.000000000	0.000000000
0.633333385	100.000000000	0.000000000
0.650000036	100.000000000	0.000000000
0.666666687	100.000000000	0.000000000
0.683333397	100.000000000	0.000000000
0.700000048	100.000000000	0.000000000
0.716666698	100.000000000	0.000000000
0.733333349	100.000000000	0.000000000
0.750000060	100.000000000	0.000000000
0.766666710	100.000000000	0.000000000
0.783333361	100.000000000	0.000000000
0.800000072	100.000000000	0.000000000
0.816666722	100.000000000	0.000000000
0.833333373	100.000000000	0.000000000
0.850000024	100.000000000	0.000000000
0.866666734	100.000000000	0.000000000
0.883333385	100.000000000	0.000000000
0.900000036	100.000000000	0.000000000
0.916666687	100.000000000	0.000000000
0.933333397	100.000000000	0.000000000
0.950000048	100.000000000	0.000000000
0.966666698	100.000000000	0.000000000
0.983333409	100.000000000	0.000000000
1.000000000	100.000000000	0.000000000
1.016666770	100.000000000	0.000000000
1.033333421	100.000000000	0.000000000
1.050000072	100.000000000	0.000000000
1.066666722	100.000000000	0.000000000
1.083333373	100.000000000	0.000000000
1.100000024	100.000000000	0.000000000
1.116666675	100.000000000	0.000000000
1.133333445	100.000000000	0.000000000
1.150000095	100.000000000	0.000000000
1.166666746	100.000000000	0.000000000
1.183333397	100.000000000	0.000000000
1.200000048	100.000000000	0.000000000
1.216666698	100.000000000	0.000000000
1.233333349	100.000000000	0.000000000
1.250000119	100.000000000	0.000000000
1.266666770	100.000000000	0.000000000
1.283333421	100.000000000	0.000000000
1.300000072	100.000000000	0.000000000
1.316666722	100.000000000	0.000000000
1.333333373	100.000000000	0.000000000
1.350000024	100.000000000	0.000000000
1.366666794	100.000000000	0.000000000
1.383333445	100.000000000	0.000000000
1.400000095	100.000000000	0.000000000
1.416666746	100.000000000	0.000000000
1.433333397	100.000000000	0.000000000
1.450000048	100.000000000	0.000000000
1.466666698	100.000000000	0.000000000
1.483333468	100.000000000	0.000000000
1.500000119	100.000000000	0.000000000
1.516666770	99.815963745	0.000799996
1.533333421	99.724067688	0.001200015
1.550000072	99.494712830	0.002199997
1.566666722	99.106010437	0.003900006
1.583333373	98.946403503	0.004599987
1.600000143	98.741561890	0.005500007
1.616666794	98.514465332	0.006499995
1.633333445	98.084411621	0.008400009
1.650000095	97.701225281	0.010099989
1.666666746	97.364356995	0.011600000
1.683333397	96.917007446	0.013600004
1.700000048	96.471717834	0.015599988
1.716666698	95.807609558	0.018599996
1.733333468	95.191902161	0.021399995
1.750000119	94.493080139	0.024599994
1.766666770	93.389923096	0.029699983
1.783333421	92.555023193	0.033600006
1.800000072	91.579864502	0.038200002
1.816666722	88.369010925	0.053700007
1.833333373	86.676223755	0.062100019
1.850000143	84.937599182	0.070900016
1.866666794	83.118942261	0.080299988
1.883333445	81.170829773	0.090600014
1.900000095	78.995071411	0.102400005
1.916666746	76.471572876	0.116499975
1.933333397	73.231849670	0.135299996
1.950000048	69.278739929	0.159400016
1.966666818	65.644752502	0.182799980
1.983333468	62.474098206	0.204300001
2.000000000	58.425170898	0.233400002
2.016666889	50.280548096	0.298599988
2.033333540	45.477855682	0.342200011
2.050000191	42.024250031	0.376500040
2.066666842	34.158592224	0.466500044
2.083333492	31.009876251	0.508499980
2.100000143	27.886884689	0.554600000
2.116666794	22.299749374	0.651700020
2.133333445	19.948028564	0.700100005
2.150000095	17.607593536	0.754299998
2.166666746	15.392176628	0.812699974
2.183333397	13.661551476	0.864499986
2.200000048	12.159060478	0.915099978
2.216666698	10.661050797	0.972199976
2.233333349	9.475454330	1.023399949
2.250000000	8.308067322	1.080500007
2.266666889	7.418225765	1.129699945
2.283333540	6.582638741	1.181599975
2.300000191	5.929253101	1.226999998
2.316666842	5.403809071	1.267300010
2.333333492	4.944245338	1.305899978
2.350000143	4.578254700	1.339300036
2.366666794	4.284498215	1.368100047
2.383333445	4.040173531	1.393599987
2.400000095	3.826485157	1.417199969
2.416666746	3.653423548	1.437299967
2.433333397	3.507518291	1.455000043
2.450000048	3.379870176	1.471099973
2.466666698	3.282463789	1.483800054
2.483333349	3.204793215	1.494199991
2.500000238	3.136895180	1.503499985
2.516666889	3.076097012	1.511999965
2.533333540	3.025520086	1.519199967
2.550000191	2.981947184	1.525500059
2.566666842	2.941033840	1.531499982
2.583333492	2.903354406	1.537099957
2.600000143	2.874087811	1.541499972
2.616666794	2.848393440	1.545400023
2.633333445	2.826832056	1.548699975
2.650000095	2.806725740	1.551800013
2.666666746	2.787404299	1.554800034
2.683333397	2.767579079	1.557899952
2.700000048	2.756766558	1.559599996
2.716666698	2.744732618	1.561499953
2.733333588	2.725210190	1.564599991
2.750000238	2.708944082	1.567199945
2.766666889	2.689676285	1.570299983
2.783333540	2.671160460	1.573300004
2.800000191	2.654605627	1.575999975
2.816666842	2.649110079	1.576900005
2.833333492	2.643017054	1.577900052
2.850000143	2.636331320	1.578999996
2.866666794	2.627241373	1.580500007
2.883333445	2.615170479	1.582499981
2.900000095	2.605553389	1.584100008
2.916666746	2.596569777	1.585600019
2.933333397	2.588212729	1.587000012
2.950000048	2.577508211	1.588799953
2.966666937	2.566256046	1.590700030
2.983333588	2.561532974	1.591500044
3.000000238	2.555053473	1.592599988
3.016666889	2.549176931	1.593600035
3.033333540	2.542728662	1.594699979
3.050000191	2.538633585	1.595399976
3.066666842	2.534545183	1.596099973
3.083333492	2.528715611	1.597100019
3.100000143	2.523480415	1.598000050
3.116666794	2.521157742	1.598399997
3.133333445	2.519996643	1.598600030
3.150000095	2.522319078	1.598199964
3.166666746	2.525224447	1.597700000
3.183333397	2.522900105	1.598099947
3.200000286	2.515358925	1.599400043
3.216666937	2.505532503	1.601099968
3.233333588	2.497468710	1.602499962
3.250000238	2.492872238	1.603299975
3.266666889	2.492872238	1.603299975
3.283333540	2.498618603	1.602300048
3.300000191	2.509574175	1.600399971
3.316666842	2.514201164	1.599599957
3.333333492	2.504955530	1.601199985
3.350000143	2.490003347	1.603800058
3.366666794	2.474001408	1.606600046
3.383333445	2.460934401	1.608899951
3.400000095	2.452449322	1.610399961
3.416666746	2.447372198	1.611299992
3.433333397	2.442305565	1.612200022
3.450000286	2.438933611	1.612800002
3.466666937	2.437249184	1.613100052
3.483333588	2.436127663	1.613299966
3.500000238	2.431644201	1.614099979
3.516666889	2.429964781	1.614400029
3.533333540	2.430524349	1.614300013
3.550000191	2.432204247	1.613999963
3.566666842	2.435566664	1.613399982
3.583333492	2.431084156	1.614199996
3.600000143	2.427727938	1.614799976
3.616666794	2.421586275	1.615900040
3.633333445	2.418800116	1.616400003
3.650000095	2.417686462	1.616600037
3.666666746	2.412681818	1.617499948
3.683333635	2.413236856	1.617400050
3.700000286	2.416017294	1.616899967
3.716666937	2.416017294	1.616899967
3.733333588	2.413236856	1.617400050
3.750000238	2.409905195	1.618000031
3.766666889	2.406023979	1.618700027
3.783333540	2.402149200	1.619400024
3.800000191	2.397728205	1.620200038
3.816666842	2.396624804	1.620399952
3.833333492	2.393315554	1.621000051
3.850000143	2.390561819	1.621500015
3.866666794	2.386711836	1.622200012
3.883333445	2.382319212	1.623000026
3.900000095	2.378482580	1.623700023
3.916666985	2.375199080	1.624300003
3.933333635	2.376840591	1.623999953
3.950000286	2.380126476	1.623399973
3.966666937	2.386711836	1.622200012
3.983333588	2.390011311	1.621600032
4.000000000	2.390561819	1.621500015
4.016666889	2.388361454	1.621899962
4.033333778	2.382868052	1.622900009
4.050000191	2.380126476	1.623399973
4.066667080	2.379030466	1.623600006
4.083333492	2.376293182	1.624099970
4.100000381	2.376840591	1.623999953
4.116666794	2.379578352	1.623499990
4.133333683	2.383416891	1.622799993
4.150000095	2.378482580	1.623700023
4.166666985	2.369735956	1.625300050
4.183333397	2.362109184	1.626700044
4.200000286	2.358304977	1.627400041
4.216666698	2.355591536	1.627900004
4.233333588	2.351256371	1.628700018
4.250000000	2.353423357	1.628299952
4.266666889	2.356134176	1.627799988
4.283333778	2.356134176	1.627799988
4.300000191	2.357219696	1.627599955
4.316667080	2.355591536	1.627900004
4.333333492	2.351256371	1.628700018
4.350000381	2.347469568	1.629400015
4.366666794	2.345308781	1.629799962
4.383333683	2.342609882	1.630300045
4.400000095	2.342609882	1.630300045
4.416666985	2.339914560	1.630800009
4.433333397	2.339375734	1.630900025
4.450000286	2.337760687	1.631199956
4.466666698	2.337222338	1.631299973
4.483333588	2.337760687	1.631199956
4.500000000	2.338836908	1.631000042
4.516666889	2.344228745	1.629999995
4.533333778	2.342071056	1.630399942
4.550000191	2.332383633	1.632200003
4.566667080	2.323806524	1.633800030
4.583333492	2.315794230	1.635300040
4.600000381	2.314728498	1.635499954
4.616666794	2.312064648	1.636000037
4.633333683	2.311000586	1.636199951
4.650000095	2.310468435	1.636299968
4.666666985	2.309936285	1.636399984
4.683333397	2.308341026	1.636700034
4.700000286	2.305154324	1.637300014
4.716666698	2.304623365	1.637400031
4.733333588	2.305154324	1.637300014
4.750000477	2.307278633	1.636899948
4.766666889	2.307278633	1.636899948
4.783333778	2.302501917	1.637799978
4.800000191	2.296677113	1.638900042
4.816667080	2.295091629	1.639199972
4.833333492	2.291923046	1.639799953
4.850000381	2.286651611	1.640799999
4.866666794	2.283494711	1.641399980
4.883333683	2.276145458	1.642799973
4.900000095	2.274049759	1.643200040
4.916666985	2.272479773	1.643499970
4.933333397	2.270387411	1.643900037
4.950000286	2.265687704	1.644799948
4.966666698	2.263601542	1.645200014
4.983333588	2.260476589	1.645799994
5.000000477	2.256316423	1.646600008
5.016666889	2.247501373	1.648300052
5.033333778	2.244398594	1.648900032
5.050000191	2.240267992	1.649700046
5.066667080	2.241299868	1.649500012
5.083333492	2.241299868	1.649500012
5.100000381	2.237174988	1.650300026
5.116666794	2.233572006	1.651000023
5.133333683	2.230488539	1.651600003
5.150000095	2.225358248	1.652600050
5.166666985	2.222285986	1.653200030
5.183333397	2.221774340	1.653300047
5.200000286	2.220240593	1.653599977
5.216667175	2.218196154	1.654000044
5.233333588	2.219729185	1.653699994
5.250000477	2.216664791	1.654299974
5.266666889	2.217685938	1.654099941
5.283333778	2.219729185	1.653699994
5.300000191	2.221774340	1.653300047
5.316667080	2.223821878	1.652899981
5.333333492	2.222285986	1.653200030
5.350000381	2.218707085	1.653900027
5.366666794	2.214623690	1.654700041
5.383333683	2.208513260	1.655900002
5.400000095	2.204956293	1.656599998
5.416666985	2.203941107	1.656800032
5.433333397	2.201912403	1.657199979
5.450000286	2.202926636	1.656999946
5.466667175	2.199884892	1.657600045
5.483333588	2.199378967	1.657699943
5.500000477	2.198872566	1.657799959
5.516666889	2.197860003	1.657999992
5.533333778	2.198872566	1.657799959
5.550000191	2.199884892	1.657600045
5.566667080	2.198872566	1.657799959
5.583333492	2.198872566	1.657799959
5.600000381	2.200391531	1.657500029
5.616666794	2.200898409	1.657400012
5.633333683	2.197860003	1.657999992
5.650000095	2.198872566	1.657799959
5.666666985	2.198366165	1.657899976
5.683333397	2.195836306	1.658400059
5.700000286	2.196847916	1.658200026
5.716667175	2.195836306	1.658400059
5.733333588	2.194825649	1.658599973
5.750000477	2.195331097	1.658499956
5.766666889	2.194825649	1.658599973
5.783333778	2.193309784	1.658900023
5.800000191	2.191290855	1.659299970
5.816667080	2.191795588	1.659199953
5.833333492	2.191795588	1.659199953
5.850000381	2.190786362	1.659399986
5.866666794	2.190786362	1.659399986
5.883333683	2.190786362	1.659399986
5.900000095	2.190786362	1.659399986
5.916666985	2.190281868	1.659500003
5.933333874	2.190281868	1.659500003
5.950000286	2.189273119	1.659700036
5.966667175	2.188769102	1.659800053
5.983333588	2.187761784	1.659999967
6.000000477	2.188769102	1.659800053
6.016666889	2.186754465	1.660200000
6.033333778	2.188265800	1.659899950
6.050000191	2.187258005	1.660099983
6.066667080	2.187258005	1.660099983
6.083333492	2.186250925	1.660300016
6.100000381	2.186754465	1.660200000
6.116666794	2.187258005	1.660099983
6.133333683	2.187761784	1.659999967
6.150000095	2.186250925	1.660300016
6.166666985	2.185747385	1.660400033
6.183333874	2.186250925	1.660300016
6.200000286	2.186754465	1.660200000
6.216667175	2.185244083	1.660500050
6.233333588	2.186754465	1.660200000
6.250000477	2.187258005	1.660099983
6.266666889	2.186250925	1.660300016
6.283333778	2.185244083	1.660500050
6.300000191	2.185244083	1.660500050
6.316667080	2.186754465	1.660200000
6.333333492	2.185747385	1.660400033
6.350000381	2.181724787	1.661200047
6.366666794	2.185244083	1.660500050
6.383333683	2.184238434	1.660699964
6.400000572	2.184238434	1.660699964
6.416666985	2.183232546	1.660899997
6.433333874	2.182227135	1.661100030
6.450000286	2.185747385	1.660400033
6.466667175	2.184238434	1.660699964
6.483333588	2.185244083	1.660500050
6.500000477	2.185244083	1.660500050
6.516666889	2.184741497	1.660599947
6.533333778	2.183735371	1.660799980
6.550000191	2.182729959	1.661000013
6.566667080	2.182729959	1.661000013
6.583333492	2.183735371	1.660799980
6.600000381	2.183232546	1.660899997
6.616666794	2.184238434	1.660699964
6.633333683	2.183735371	1.660799980
6.650000572	2.183735371	1.660799980
6.666666985	2.182729959	1.661000013
6.683333874	2.183735371	1.660799980
6.700000286	2.184238434	1.660699964
6.716667175	2.184741497	1.660599947
6.733333588	2.183232546	1.660899997
6.750000477	2.181724787	1.661200047
6.766666889	2.182227135	1.661100030
6.783333778	2.183735371	1.660799980
6.800000191	2.182227135	1.661100030
6.816667080	2.183735371	1.660799980
6.833333492	2.181724787	1.661200047
6.850000381	2.181724787	1.661200047
6.866666794	2.180720568	1.661399961
6.883333683	2.182227135	1.661100030
6.900000572	2.180720568	1.661399961
6.916666985	2.181724787	1.661200047
6.933333874	2.181222916	1.661299944
6.950000286	2.180720568	1.661399961
6.966667175	2.182227135	1.661100030
6.983333588	2.179716587	1.661599994
7.000000477	2.180218458	1.661499977
7.016666889	2.180218458	1.661499977
7.033333778	2.179716587	1.661599994
7.050000191	2.180720568	1.661399961
7.066667080	2.179214478	1.661700010
7.083333492	2.179716587	1.661599994
7.100000381	2.179716587	1.661599994
7.116667271	2.180218458	1.661499977
7.133333683	2.180218458	1.661499977
7.150000572	2.179214478	1.661700010
7.166666985	2.180218458	1.661499977
7.183333874	2.180218458	1.661499977
7.200000286	2.179716587	1.661599994
7.216667175	2.180218458	1.661499977
7.233333588	2.179214478	1.661700010
7.250000477	2.178712845	1.661800027
7.266666889	2.179716587	1.661599994
7.283333778	2.179716587	1.661599994
7.300000191	2.178712845	1.661800027
7.316667080	2.180218458	1.661499977
7.333333492	2.178210974	1.661900043
7.350000381	2.175203800	1.662500024
7.366667271	2.178210974	1.661900043
7.383333683	2.177710056	1.661999941
7.400000572	2.176707268	1.662199974
7.416666985	2.178712845	1.661800027
7.433333874	2.178210974	1.661900043
7.450000286	2.178712845	1.661800027
7.466667175	2.179214478	1.661700010
7.483333588	2.178712845	1.661800027
7.500000477	2.177710056	1.661999941
7.516666889	2.175704956	1.662400007
7.533333778	2.178210974	1.661900043
7.550000191	2.178712845	1.661800027
7.566667080	2.178712845	1.661800027
7.583333492	2.177710056	1.661999941
7.600000381	2.176707268	1.662199974
7.616667271	2.178210974	1.661900043
7.633333683	2.179214478	1.661700010
7.650000572	2.176707268	1.662199974
7.666666985	2.178712845	1.661800027
7.683333874	2.176707268	1.662199974
7.700000286	2.177208662	1.662099957
7.716667175	2.177710056	1.661999941
7.733333588	2.178712845	1.661800027
7.750000477	2.176206112	1.662299991
7.766666889	2.177208662	1.662099957
7.783333778	2.178210974	1.661900043
7.800000191	2.178210974	1.661900043
7.816667080	2.177710056	1.661999941
7.833333969	2.176206112	1.662299991
7.850000381	2.176707268	1.662199974
7.866667271	2.176206112	1.662299991
7.883333683	2.176206112	1.662299991
7.900000572	2.176206112	1.662299991
7.916666985	2.175704956	1.662400007
7.933333874	2.175203800	1.662500024
7.950000286	2.176206112	1.662299991
7.966667175	2.175203800	1.662500024
7.983333588	2.174703121	1.662600040
8.000000000	2.173702240	1.662799954
8.016667366	2.173201561	1.662899971
8.033333778	2.174202204	1.662700057
8.050000191	2.173702240	1.662799954
8.066667557	2.173201561	1.662899971
8.083333969	2.173201561	1.662899971
8.100000381	2.174202204	1.662700057
8.116666794	2.174202204	1.662700057
8.133334160	2.173201561	1.662899971
8.150000572	2.174202204	1.662700057
8.166666985	2.174202204	1.662700057
8.183333397	2.174202204	1.662700057
8.200000763	2.174703121	1.662600040
8.216667175	2.174202204	1.662700057
8.233333588	2.173201561	1.662899971
8.250000000	2.173702240	1.662799954
8.266667366	2.173702240	1.662799954
8.283333778	2.173201561	1.662899971
8.300000191	2.172701359	1.662999988
8.316667557	2.173201561	1.662899971
8.333333969	2.172200918	1.663100004
8.350000381	2.171700716	1.663200021
8.366666794	2.173201561	1.662899971
8.383334160	2.173201561	1.662899971
8.400000572	2.173201561	1.662899971
8.416666985	2.173201561	1.662899971
8.433333397	2.172200918	1.663100004
8.450000763	2.173702240	1.662799954
8.466667175	2.173201561	1.662899971
8.483333588	2.172701359	1.662999988
8.500000000	2.173201561	1.662899971
8.516667366	2.174202204	1.662700057
8.533333778	2.174202204	1.662700057
8.550000191	2.172701359	1.662999988
8.566667557	2.172200918	1.663100004
8.583333969	2.173201561	1.662899971
8.600000381	2.172200918	1.663100004
8.616666794	2.171700716	1.663200021
8.633334160	2.171700716	1.663200021
8.650000572	2.171200752	1.663300037
8.666666985	2.173702240	1.662799954
8.683333397	2.171200752	1.663300037
8.700000763	2.172701359	1.662999988
8.716667175	2.170700788	1.663400054
8.733333588	2.171200752	1.663300037
8.750000000	2.172200918	1.663100004
8.766667366	2.171700716	1.663200021
8.783333778	2.172701359	1.662999988
8.800000191	2.171200752	1.663300037
8.816667557	2.172200918	1.663100004
8.833333969	2.172200918	1.663100004
8.850000381	2.170700788	1.663400054
8.866666794	2.171200752	1.663300037
8.883334160	2.171700716	1.663200021
8.900000572	2.171700716	1.663200021
8.916666985	2.171700716	1.663200021
8.933333397	2.171700716	1.663200021
8.950000763	2.170700788	1.663400054
8.966667175	2.170700788	1.663400054
8.983333588	2.170700788	1.663400054
9.000000000	2.169701815	1.663599968
9.016667366	2.169202089	1.663699985
9.033333778	2.168702602	1.663800001
9.050000191	2.168203115	1.663900018
9.066667557	2.170201540	1.663499951
9.083333969	2.171200752	1.663300037
9.100000381	2.170201540	1.663499951
9.116666794	2.169701815	1.663599968
9.133334160	2.169202089	1.663699985
9.150000572	2.170201540	1.663499951
9.166666985	2.169202089	1.663699985
9.183333397	2.168702602	1.663800001
9.200000763	2.168702602	1.663800001
9.216667175	2.168702602	1.663800001
9.233333588	2.169701815	1.663599968
9.250000954	2.169701815	1.663599968
9.266667366	2.169202089	1.663699985
9.283333778	2.170201540	1.663499951
9.300000191	2.170201540	1.663499951
9.316667557	2.167204857	1.664100051
9.333333969	2.168702602	1.663800001
9.350000381	2.167703867	1.664000034
9.366666794	2.169202089	1.663699985
9.383334160	2.168702602	1.663800001
9.400000572	2.168702602	1.663800001
9.416666985	2.168702602	1.663800001
9.433333397	2.167703867	1.664000034
9.450000763	2.168203115	1.663900018
9.466667175	2.169202089	1.663699985
9.483333588	2.171700716	1.663200021
9.500000954	2.178210974	1.661900043
9.516667366	2.186250925	1.660300016
9.533333778	2.194825649	1.658599973
9.550000191	2.203941107	1.656800032
9.566667557	2.215644121	1.654500008
9.583333969	2.258395910	1.646199942
9.600000381	2.366464376	1.625900030
9.616666794	2.565665007	1.590800047
9.633334160	2.862200022	1.543300033
9.650000572	3.237427235	1.489799976
9.666666985	3.697429895	1.432100058
9.683333397	4.325138569	1.363999963
9.700000763	4.855120659	1.313799977
9.716667175	5.238416195	1.280799985
9.733333588	5.833107948	1.234099984
9.750000954	6.651200771	1.177099943
9.766667366	7.442177773	1.128299952
9.783333778	8.695608139	1.060700059
9.800000191	9.442783356	1.024899960
9.816667557	10.754741669	0.968400002
9.833333969	11.874080658	0.925400019
9.850000381	13.149220467	0.881099999
9.866666794	14.679119110	0.833299994
9.883334160	15.363848686	0.813499987
9.900000572	16.815122604	0.774299979
9.916666985	18.827817917	0.725199997
9.933333397	19.751495361	0.704400003
9.950000763	20.554172516	0.687099993
9.966667175	22.407838821	0.649600029
9.983333588	24.462451935	0.611500025
10.000000954	26.205955505	0.581600010
10.016667366	27.707670212	0.557399988
10.033333778	29.113874435	0.535899997
10.050000191	30.220386505	0.519699991
10.066667557	31.768741608	0.497999996
10.083333969	32.218105316	0.491899997
10.100000381	33.166526794	0.479299992
10.116666794	35.702613831	0.447299987
10.133334160	36.872280121	0.433300018
10.150000572	37.713775635	0.423500001
10.166666985	38.583354950	0.413599998
10.183333397	39.563980103	0.402700037
10.200000763	41.888999939	0.377900004
10.216667175	42.628494263	0.370299995
10.233333588	43.361072540	0.362899989
10.250000954	44.126552582	0.355300009
10.266667366	46.131759644	0.335999966
10.283333778	47.238922119	0.325700015
10.300000191	48.150409698	0.317400008
10.316667557	49.442451477	0.305900007
10.333333969	50.038005829	0.300700009
10.350000381	50.501003265	0.296700001
10.366666794	51.428043365	0.288800001
10.383334160	52.119472504	0.282999992
10.400000572	52.893218994	0.276600003
10.416666985	54.437732697	0.264099985
10.433334351	54.992061615	0.259700000
10.450000763	55.360500336	0.256799996
10.466667175	55.911354065	0.252499998
10.483333588	56.337814331	0.249200001
10.500000954	57.942867279	0.237000018
10.516667366	58.492477417	0.232899979
10.533333778	58.789531708	0.230700001
10.550000191	60.242084503	0.220100015
10.566667557	60.813499451	0.216000006
10.583333969	61.037960052	0.214399993
10.600000381	62.201377869	0.206199989
10.616666794	63.401569366	0.197899997
10.633334160	64.180046082	0.192599982
10.650000572	64.639801025	0.189499989
10.666666985	65.267951965	0.185300007
10.683334351	65.569213867	0.183300018
10.700000763	66.145454407	0.179499999
10.716667175	67.034751892	0.173699990
10.733333588	67.639442444	0.169799984
10.750000954	68.485717773	0.164399981
10.766667366	68.833518982	0.162200034
10.783333778	69.374519348	0.158800006
10.800000191	70.113235474	0.154199988
10.816667557	70.664291382	0.150799990
10.833333969	71.039520264	0.148499981
10.850000381	71.400291443	0.146300018
10.866666794	71.829032898	0.143699974
10.883334160	72.177192688	0.141600013
10.900000572	72.627319336	0.138899982
10.916666985	73.198135376	0.135499984
10.933334351	73.756446838	0.132200018
10.950000763	74.131027222	0.129999980
10.966667175	74.438911438	0.128199980
10.983333588	75.214225769	0.123700008
11.000000954	75.665863037	0.121100008
11.016667366	76.085166931	0.118700005
11.033333778	76.401168823	0.116899997
11.050000191	76.683158875	0.115300007
11.066667557	76.983917236	0.113599993
11.083333969	77.303649902	0.111800000
11.100000381	77.714134216	0.109499983
11.116666794	78.072845459	0.107499994
11.133334160	78.361007690	0.105899990
11.150000572	78.559730530	0.104800016
11.166666985	78.777099609	0.103600010
11.183334351	79.031455994	0.102200016
11.200000763	79.341423035	0.100500017
11.216667175	79.634269714	0.098899998
11.233333588	79.891395569	0.097499989
11.250000954	80.297126770	0.095299996
11.266667366	80.630622864	0.093499988
11.283333778	80.890960693	0.092100009
11.300000191	81.152145386	0.090699993
11.316667557	81.357948303	0.089600012
11.333333969	81.545501709	0.088599987
11.350000381	81.733482361	0.087600000
11.366666794	81.959632874	0.086399995
11.383334160	82.205337524	0.085099980
11.400000572	82.451774597	0.083799995
11.416666985	82.832351685	0.081800006
11.433334351	82.985076904	0.081000000
11.450000763	83.176376343	0.080000006
11.466667175	83.368118286	0.079000004
11.483333588	83.752929688	0.076999992
11.500000954	83.926673889	0.076099992
11.516667366	84.042701721	0.075499997
11.533333778	84.217041016	0.074600019
11.550000191	84.391754150	0.073699988
11.566667557	84.566818237	0.072800010
11.583333969	84.703239441	0.072099976
11.600000381	84.859405518	0.071300015
11.616667747	84.996292114	0.070600018
11.633334160	85.172615051	0.069700018
11.650000572	85.329658508	0.068899989
11.666666985	85.486984253	0.068100005
11.683334351	85.664329529	0.067199983
11.700000763	85.822273254	0.066399984
11.716667175	85.940917969	0.065800011
11.733333588	86.277984619	0.064100005
11.750000954	86.437065125	0.063299991
11.766667366	86.556564331	0.062699988
11.783333778	86.636322021	0.062299993
11.800000191	86.736122131	0.061799999
11.816667557	86.836036682	0.061300006
11.833333969	86.936065674	0.060800020
11.850000381	87.036216736	0.060299996
11.866667747	87.136474609	0.059800014
11.883334160	87.216773987	0.059399981
11.900000572	87.277038574	0.059099998
11.916666985	87.337348938	0.058799993
11.933334351	87.397697449	0.058500011
11.950000763	87.579002380	0.057600006
11.966667175	87.619346619	0.057399988
11.983333588	87.740478516	0.056800000
12.000000954	87.821327209	0.056400005
12.016667366	87.962989807	0.055700019
12.033333778	88.064323425	0.055199996
12.050000191	88.165771484	0.054699987
12.066667557	88.247009277	0.054300003
12.083333969	88.348663330	0.053800017
12.100000381	88.470809937	0.053199995
12.116667747	88.593124390	0.052599981
12.133334160	88.715599060	0.052000012
12.150000572	88.838249207	0.051400010
12.166666985	88.940589905	0.050899994
12.183334351	89.043045044	0.050399996
12.200000763	89.104576111	0.050099991
12.216667175	89.207221985	0.049599987
12.233333588	89.392280579	0.048699982
12.250000954	89.495254517	0.048199993
12.266667366	89.577720642	0.047799993
12.283333778	89.660263062	0.047399990
12.300000191	89.784217834	0.046799995
12.316667557	89.887641907	0.046300013
12.333333969	89.991188049	0.045800015
12.350000381	90.094856262	0.045300003
12.366667747	90.177879333	0.044899981
12.383334160	90.260971069	0.044499997
12.400000572	90.302543640	0.044300016
12.416666985	90.385757446	0.043899998
12.433334351	90.489875793	0.043400008
12.450000763	90.552406311	0.043100003
12.466667175	90.656723022	0.042599984
12.483333588	90.698478699	0.042399999
12.500000954	90.802955627	0.041900016
12.516667366	90.844787598	0.041699987
12.533333778	90.907562256	0.041399989
12.550000191	90.928497314	0.041299988
12.566667557	90.970375061	0.041100014
12.583333969	91.033241272	0.040799994
12.600000381	91.033241272	0.040799994
12.616667747	91.012283325	0.040899988
12.633334160	91.054206848	0.040699985
12.650000572	90.991325378	0.041000009
12.666666985	90.991325378	0.041000009
12.683334351	90.991325378	0.041000009
12.700000763	90.949432373	0.041200008
12.716667175	90.928497314	0.041299988
12.733333588	90.928497314	0.041299988
12.750000954	90.970375061	0.041100014
12.766667366	90.970375061	0.041100014
12.783333778	90.949432373	0.041200008
12.800001144	91.012283325	0.040899988
12.816667557	91.054206848	0.040699985
12.833333969	91.096145630	0.040499996
12.850000381	91.201080322	0.040000018
12.866667747	91.201080322	0.040000018
12.883334160	91.264106750	0.039699994
12.900000572	91.390281677	0.039099984
12.916666985	91.474487305	0.038700014
12.933334351	91.727592468	0.037500005
12.950000763	91.854408264	0.036899995
12.966667175	92.108558655	0.035700012
12.983333588	92.363418579	0.034500003
13.000000954	92.491111755	0.033900000
13.016667366	92.618980408	0.033300005
13.033333778	92.725677490	0.032799985
13.050001144	92.875251770	0.032099996
13.066667557	93.067916870	0.031200007
13.083333969	93.132232666	0.030899985
13.100000381	93.368415833	0.029800009
13.116667747	93.475975037	0.029299997
13.133334160	93.583656311	0.028799990
13.150000572	93.691459656	0.028299995
13.166666985	93.777793884	0.027899988
13.183334351	93.885818481	0.027400004
13.200000763	94.080581665	0.026500005
13.216667175	94.167274475	0.026099999
13.233333588	94.232345581	0.025799999
13.250000954	94.362625122	0.025199985
13.266667366	94.427825928	0.024900010
13.283333778	94.536605835	0.024399994
13.300001144	94.710906982	0.023600005
13.316667557	94.776351929	0.023300013
13.333333969	94.863685608	0.022900006
13.350000381	94.951103210	0.022499984
13.366667747	95.016716003	0.022199985
13.383334160	95.082366943	0.021900015
13.400000572	95.148071289	0.021600010
13.416666985	95.257682800	0.021099987
13.433334351	95.367408752	0.020600017
13.450000763	95.477272034	0.020099998
13.466667175	95.609268188	0.019500006
13.483333588	95.653312683	0.019299984
13.500000954	95.697372437	0.019099986
13.516667366	95.741447449	0.018900011
13.533333778	95.763496399	0.018800005
13.550001144	95.851737976	0.018400008
13.566667557	95.917976379	0.018099992
13.583333969	95.940063477	0.017999999
13.600000381	96.006362915	0.017699983
13.616667747	96.094825745	0.017299997
13.633334160	96.028465271	0.017600011
13.650000572	96.116950989	0.017200014
13.666666985	96.161224365	0.017000016
13.683334351	96.205520630	0.016800005
13.700000763	96.294174194	0.016399987
13.716667175	96.294174194	0.016399987
13.733333588	96.338523865	0.016200012
13.750000954	96.360710144	0.016100008
13.766667366	96.405097961	0.015899999
13.783333778	96.427299500	0.015799996
13.800001144	96.471717834	0.015599988
13.816667557	96.493934631	0.015499985
13.833333969	96.516151428	0.015400004
13.850000381	96.538375854	0.015300012
13.866667747	96.605087280	0.015000002
13.883334160	96.627334595	0.014900000
13.900000572	96.671844482	0.014699996
13.916666985	96.738647461	0.014399989
13.933334351	96.805496216	0.014099984
13.950000763	96.827789307	0.013999984
13.966667175	96.850082397	0.013900005
13.983333588	96.872383118	0.013800017
14.000000954	96.917007446	0.013600004
14.016667366	96.917007446	0.013600004
14.033333778	96.961647034	0.013400016
14.050001144	96.983978271	0.013300005
14.066667557	97.006317139	0.013199983
14.083333969	97.028656006	0.013099984
14.100000381	97.050994873	0.013000009
14.116667747	97.073348999	0.012899987
14.133334160	97.095703125	0.012799989
14.150000572	97.095703125	0.012799989
14.166666985	97.118057251	0.012700014
14.183334351	97.140426636	0.012599993
14.200000763	97.140426636	0.012599993
14.216667175	97.162796021	0.012499996
14.233334541	97.185173035	0.012399987
14.250000954	97.207550049	0.012300002
14.266667366	97.229934692	0.012200006
14.283333778	97.229934692	0.012200006
14.300001144	97.229934692	0.012200006
14.316667557	97.229934692	0.012200006
14.333333969	97.252326965	0.012099998
14.350000381	97.274719238	0.012000014
14.366667747	97.297126770	0.011899984
14.383334160	97.319526672	0.011800012
14.400000572	97.319526672	0.011800012
14.416666985	97.341941833	0.011699994
14.433334351	97.341941833	0.011699994
14.450000763	97.341941833	0.011699994
14.466667175	97.341941833	0.011699994
14.483334541	97.386779785	0.011499994
14.500000954	97.386779785	0.011499994
14.516667366	97.409202576	0.011400012
14.533333778	97.409202576	0.011400012
14.550001144	97.431640625	0.011299985
14.566667557	97.431640625	0.011299985
14.583333969	97.454071045	0.011200014
14.600000381	97.454071045	0.011200014
14.616667747	97.454071045	0.011200014
14.633334160	97.476516724	0.011099999
14.650000572	97.498962402	0.011000006
14.666666985	97.498962402	0.011000006
14.683334351	97.498962402	0.011000006
14.700000763	97.498962402	0.011000006
14.716667175	97.498962402	0.011000006
14.733334541	97.521415710	0.010900003
14.750000954	97.543876648	0.010799988
14.766667366	97.543876648	0.010799988
14.783333778	97.566337585	0.010699997
14.800001144	97.588806152	0.010599995
14.816667557	97.588806152	0.010599995
14.833333969	97.611274719	0.010500016
14.850000381	97.633758545	0.010399992
14.866667747	97.633758545	0.010399992
14.883334160	97.656242371	0.010299991
14.900000572	97.678726196	0.010200012
14.916666985	97.701225281	0.010099989
14.933334351	97.678726196	0.010200012
14.950000763	97.701225281	0.010099989
14.966667175	97.723724365	0.009999990
14.983334541	97.723724365	0.009999990
15.000000954	97.746223450	0.009900013
