Vernier Format 2
Untitled.sbl	14:44  Monday, March 25, 2019
Latest
Time	Transmittance	Absorbance
Time	%Trans	Abs
min	%	

0.000000000	98.423767090	0.006900017
0.016666668	98.446434021	0.006800010
0.033333335	98.446434021	0.006800010
0.050000004	98.469108582	0.006699994
0.066666670	98.469108582	0.006699994
0.083333336	98.469108582	0.006699994
0.100000009	98.469108582	0.006699994
0.116666675	98.469108582	0.006699994
0.133333340	98.491783142	0.006600000
0.150000006	98.469108582	0.006699994
0.166666672	98.491783142	0.006600000
0.183333337	98.491783142	0.006600000
0.200000018	98.491783142	0.006600000
0.216666684	98.514465332	0.006499995
0.233333349	98.514465332	0.006499995
0.250000000	98.514465332	0.006499995
0.266666681	98.514465332	0.006499995
0.283333361	98.537147522	0.006400014
0.300000012	98.537147522	0.006400014
0.316666692	98.537147522	0.006400014
0.333333343	98.537147522	0.006400014
0.350000024	98.559844971	0.006299988
0.366666675	98.537147522	0.006400014
0.383333355	98.537147522	0.006400014
0.400000036	98.537147522	0.006400014
0.416666687	98.559844971	0.006299988
0.433333367	98.537147522	0.006400014
0.450000018	98.559844971	0.006299988
0.466666698	98.537147522	0.006400014
0.483333349	98.537147522	0.006400014
0.500000000	98.537147522	0.006400014
0.516666710	98.537147522	0.006400014
0.533333361	98.514465332	0.006499995
0.550000012	98.514465332	0.006499995
0.566666722	98.491783142	0.006600000
0.583333373	98.491783142	0.006600000
0.600000024	98.514465332	0.006499995
0.616666675	98.514465332	0.006499995
0.633333385	98.514465332	0.006499995
0.650000036	98.514465332	0.006499995
0.666666687	98.537147522	0.006400014
0.683333397	98.537147522	0.006400014
0.700000048	98.559844971	0.006299988
0.716666698	98.559844971	0.006299988
0.733333349	98.582542419	0.006199986
0.750000060	98.559844971	0.006299988
0.766666710	98.401107788	0.007000012
0.783333361	97.140426636	0.012599993
0.800000072	94.188957214	0.026000012
0.816666722	87.983253479	0.055599984
0.833333373	78.216789246	0.106700018
0.850000024	68.029922485	0.167300031
0.866666734	60.062030792	0.221399993
0.883333385	54.013210297	0.267500013
0.900000036	50.617416382	0.295700014
0.916666687	49.340095520	0.306800008
0.933333397	48.006496429	0.318699986
0.950000048	47.260681152	0.325500011
0.966666698	46.483623505	0.332700014
0.983333409	45.983287811	0.337399989
1.000000000	44.988346100	0.346899986
1.016666770	42.795684814	0.368600011
1.033333421	40.383132935	0.393799990
1.050000072	38.150478363	0.418500006
1.066666722	34.166461945	0.466399997
1.083333373	31.455745697	0.502300024
1.100000024	28.668172836	0.542599976
1.116666675	26.007581711	0.584900022
1.133333445	23.894613266	0.621699989
1.150000095	22.845464706	0.641200006
1.166666746	22.703876495	0.643899977
1.183333397	23.110002518	0.636200011
1.200000048	23.686450958	0.625500023
1.216666698	24.160169601	0.616900027
1.233333349	24.406190872	0.612500012
1.250000119	24.456821442	0.611599982
1.266666770	24.411811829	0.612399995
1.283333421	24.456821442	0.611599982
1.300000072	24.779926300	0.605899990
1.316666722	25.386335373	0.595399976
1.333333373	26.296625137	0.580100000
1.350000024	28.281341553	0.548500001
1.366666794	28.793867111	0.540700018
1.383333445	28.628591537	0.543200016
1.400000095	27.612134933	0.558899999
1.416666746	26.478904724	0.577099979
1.433333397	25.556421280	0.592499971
1.450000048	24.745712280	0.606500030
1.466666698	24.888574600	0.603999972
1.483333468	25.339614868	0.596199989
1.500000119	27.052040100	0.567799985
1.516666770	28.216297150	0.549499989
1.533333421	29.478136063	0.530499995
1.550000072	30.478952408	0.515999973
1.566666722	30.528118134	0.515299976
1.583333373	30.782226563	0.511699975
1.600000143	31.996318817	0.494899988
1.616666794	33.319618225	0.477299988
1.633333445	33.892219543	0.469899982
1.650000095	34.080032349	0.467500001
1.666666746	35.156044006	0.453999996
1.683333397	37.179199219	0.429699957
1.700000048	38.291290283	0.416900009
1.716666698	39.627803802	0.402000010
1.733333468	41.096042633	0.386200011
1.750000119	41.773418427	0.379099995
1.766666770	46.280708313	0.334600002
1.783333421	48.607131958	0.313300014
1.800000072	51.156402588	0.291099995
1.816666722	52.990741730	0.275799990
1.833333373	54.538101196	0.263299972
1.850000143	56.130638123	0.250800014
1.866666794	57.134704590	0.243100017
1.883333445	59.319843292	0.226800010
1.900000095	60.659664154	0.217099994
1.916666746	62.015464783	0.207499996
1.933333397	63.255748749	0.198899999
1.950000048	64.431762695	0.190899983
1.966666818	66.772865295	0.175399989
1.983333468	68.312469482	0.165500015
2.000000000	69.342582703	0.158999979
2.016666889	70.892456055	0.149399981
2.033333540	71.680328369	0.144600019
2.050000191	73.181282043	0.135599986
2.066666842	74.576156616	0.127399996
2.083333492	75.509223938	0.121999994
2.100000143	76.383575439	0.117000014
2.116666794	77.143615723	0.112700008
2.133333445	78.162780762	0.107000001
2.150000095	79.341423035	0.100500017
2.166666746	80.686340332	0.093199983
2.183333397	81.601852417	0.088299982
2.200000048	82.394836426	0.084100001
2.216666698	83.253021240	0.079599999
2.233333349	84.703239441	0.072099976
2.250000000	85.211853027	0.069499992
2.266666889	85.723518372	0.066900015
2.283333540	86.337608337	0.063799985
2.300000191	86.716156006	0.061899982
2.316666842	87.036216736	0.060299996
2.333333492	87.458091736	0.058200002
2.350000143	87.780891418	0.056600012
2.366666794	88.084602356	0.055100001
2.383333445	88.369010925	0.053700007
2.400000095	88.552330017	0.052800007
2.416666746	88.695175171	0.052100003
2.433333397	88.858711243	0.051299989
2.450000048	89.330551147	0.048999988
2.466666698	89.495254517	0.048199993
2.483333349	89.618980408	0.047600001
2.500000238	89.722221375	0.047099981
2.516666889	90.032646179	0.045599986
2.533333540	90.094856262	0.045300003
2.550000191	90.219413757	0.044700000
2.566666842	90.364944458	0.044000015
2.583333492	90.344139099	0.044100016
2.600000143	90.510719299	0.043299984
2.616666794	90.719367981	0.042299986
2.633333445	90.865707397	0.041599989
2.650000095	90.928497314	0.041299988
2.666666746	91.054206848	0.040699985
2.683333397	91.285125732	0.039599981
2.700000048	91.306144714	0.039499994
2.716666698	91.369239807	0.039199989
2.733333588	91.348197937	0.039300017
2.750000238	91.432373047	0.038900007
2.766666889	91.558776855	0.038300019
2.783333540	91.685363770	0.037699986
2.800000191	91.727592468	0.037500005
2.816666842	91.769844055	0.037300006
2.833333492	91.769844055	0.037300006
2.850000143	91.833259583	0.037000000
2.866666794	91.939048767	0.036499996
2.883333445	92.044960022	0.035999987
2.900000095	92.087356567	0.035799995
2.916666746	92.172210693	0.035399996
2.933333397	92.214668274	0.035199992
2.950000048	92.299636841	0.034800008
2.966666937	92.384689331	0.034399997
2.983333588	92.405960083	0.034300018
3.000000238	92.448524475	0.034100015
3.016666889	92.469818115	0.033999998
3.033333540	92.512413025	0.033799991
3.050000191	92.576339722	0.033499993
3.066666842	92.618980408	0.033300005
3.083333492	92.661643982	0.033099998
3.100000143	92.704322815	0.032900013
3.116666794	92.789749146	0.032499999
3.133333445	92.853866577	0.032200009
3.150000095	92.918029785	0.031900007
3.166666746	92.939430237	0.031799994
3.183333397	92.896636963	0.032000009
3.200000286	92.725677490	0.032799985
3.216666937	92.533714294	0.033700004
3.233333588	92.363418579	0.034500003
3.250000238	92.427246094	0.034199987
3.266666889	92.555023193	0.033600006
3.283333540	92.768386841	0.032599997
3.300000191	92.896636963	0.032000009
3.316666842	93.025070190	0.031399995
3.333333492	93.132232666	0.030899985
3.350000143	93.175125122	0.030700015
3.366666794	93.239517212	0.030399984
3.383333445	93.282463074	0.030199995
3.400000095	93.325431824	0.029999992
3.416666746	93.346923828	0.029899990
3.433333397	93.389923096	0.029699983
3.450000286	93.411422729	0.029600013
3.466666937	93.432937622	0.029499996
3.483333588	93.454452515	0.029400002
3.500000238	93.497497559	0.029200012
3.516666889	93.519027710	0.029100018
3.533333540	93.540565491	0.029000008
3.550000191	93.583656311	0.028799990
3.566666842	93.605201721	0.028700016
3.583333492	93.626762390	0.028599994
3.600000143	93.648323059	0.028499994
3.616666794	93.691459656	0.028299995
3.633333445	93.713035583	0.028199995
3.650000095	93.734611511	0.028100016
3.666666746	93.756202698	0.027999992
3.683333635	93.777793884	0.027899988
3.700000286	93.799385071	0.027800009
3.716666937	93.799385071	0.027800009
3.733333588	93.820983887	0.027700016
3.750000238	93.820983887	0.027700016
3.766666889	93.820983887	0.027700016
3.783333540	93.842590332	0.027600013
3.800000191	93.864204407	0.027499996
3.816666842	93.864204407	0.027499996
3.833333492	93.885818481	0.027400004
3.850000143	93.885818481	0.027400004
3.866666794	93.907440186	0.027299998
3.883333445	93.950698853	0.027099986
3.900000095	93.950698853	0.027099986
3.916666985	93.972328186	0.027000014
3.933333635	93.993972778	0.026899993
3.950000286	94.015617371	0.026799997
3.966666937	94.015617371	0.026799997
3.983333588	94.037269592	0.026699990
4.000000000	94.058921814	0.026600003
4.016666889	94.058921814	0.026600003
4.033333778	94.080581665	0.026500005
4.050000191	94.102249146	0.026399996
4.066667080	94.102249146	0.026399996
4.083333492	94.145591736	0.026200011
4.100000381	94.167274475	0.026099999
4.116666794	94.188957214	0.026000012
4.133333683	94.232345581	0.025799999
4.150000095	94.232345581	0.025799999
4.166666985	94.254043579	0.025700008
4.183333397	94.275749207	0.025600007
4.200000286	94.275749207	0.025600007
4.216666698	94.297462463	0.025499994
4.233333588	94.319175720	0.025400003
4.250000000	94.319175720	0.025400003
4.266666889	94.319175720	0.025400003
4.283333778	94.340896606	0.025300000
4.300000191	94.340896606	0.025300000
4.316667080	94.384353638	0.025099995
4.333333492	94.384353638	0.025099995
4.350000381	94.406089783	0.024999989
4.366666794	94.427825928	0.024900010
4.383333683	94.449569702	0.024800016
4.400000095	94.449569702	0.024800016
4.416666985	94.471321106	0.024700012
4.433333397	94.471321106	0.024700012
4.450000286	94.493080139	0.024599994
4.466666698	94.493080139	0.024599994
4.483333588	94.514839172	0.024500001
4.500000000	94.514839172	0.024500001
4.516666889	94.536605835	0.024399994
4.533333778	94.558372498	0.024300011
4.550000191	94.580146790	0.024200017
4.566667080	94.580146790	0.024200017
4.583333492	94.601928711	0.024100009
4.600000381	94.623718262	0.023999991
4.616666794	94.601928711	0.024100009
4.633333683	94.601928711	0.024100009
4.650000095	94.645507813	0.023899995
4.666666985	94.645507813	0.023899995
4.683333397	94.645507813	0.023899995
4.700000286	94.689102173	0.023700001
4.716666698	94.667304993	0.023799986
4.733333588	94.667304993	0.023799986
4.750000477	94.689102173	0.023700001
4.766666889	94.710906982	0.023600005
4.783333778	94.732719421	0.023499995
4.800000191	94.667304993	0.023799986
4.816667080	94.710906982	0.023600005
4.833333492	94.754531860	0.023400011
4.850000381	94.754531860	0.023400011
4.866666794	94.710906982	0.023600005
4.883333683	94.754531860	0.023400011
4.900000095	94.776351929	0.023300013
4.916666985	94.776351929	0.023300013
4.933333397	94.732719421	0.023499995
4.950000286	94.798179626	0.023200002
4.966666698	94.798179626	0.023200002
4.983333588	94.820007324	0.023100015
5.000000477	94.798179626	0.023200002
5.016666889	94.820007324	0.023100015
5.033333778	94.907386780	0.022699984
5.050000191	94.820007324	0.023100015
5.066667080	94.885536194	0.022799984
5.083333492	94.885536194	0.022799984
5.100000381	94.885536194	0.022799984
5.116666794	94.907386780	0.022699984
5.133333683	94.907386780	0.022699984
5.150000095	94.907386780	0.022699984
5.166666985	94.907386780	0.022699984
5.183333397	94.929237366	0.022600008
5.200000286	94.907386780	0.022699984
5.216667175	94.929237366	0.022600008
5.233333588	94.951103210	0.022499984
5.250000477	94.951103210	0.022499984
5.266666889	94.951103210	0.022499984
5.283333778	94.972969055	0.022399984
5.300000191	94.972969055	0.022399984
5.316667080	94.972969055	0.022399984
5.333333492	94.972969055	0.022399984
5.350000381	94.972969055	0.022399984
5.366666794	94.994834900	0.022300007
5.383333683	94.994834900	0.022300007
5.400000095	95.016716003	0.022199985
5.416666985	95.016716003	0.022199985
5.433333397	95.016716003	0.022199985
5.450000286	95.016716003	0.022199985
5.466667175	95.060478210	0.022000005
5.483333588	95.016716003	0.022199985
5.500000477	95.060478210	0.022000005
5.516666889	95.104263306	0.021800015
5.533333778	95.082366943	0.021900015
5.550000191	95.060478210	0.022000005
5.566667080	95.038597107	0.022099983
5.583333492	95.082366943	0.021900015
5.600000381	95.104263306	0.021800015
5.616666794	95.104263306	0.021800015
5.633333683	95.126167297	0.021700000
5.650000095	95.126167297	0.021700000
5.666666985	95.126167297	0.021700000
5.683333397	95.126167297	0.021700000
5.700000286	95.148071289	0.021600010
5.716667175	95.169982910	0.021500008
5.733333588	95.169982910	0.021500008
5.750000477	95.169982910	0.021500008
5.766666889	95.191902161	0.021399995
5.783333778	95.191902161	0.021399995
5.800000191	95.191902161	0.021399995
5.816667080	95.191902161	0.021399995
5.833333492	95.235748291	0.021200001
5.850000381	95.235748291	0.021200001
5.866666794	95.213821411	0.021300005
5.883333683	95.235748291	0.021200001
5.900000095	95.257682800	0.021099987
5.916666985	95.257682800	0.021099987
5.933333874	95.257682800	0.021099987
5.950000286	95.235748291	0.021200001
5.966667175	95.235748291	0.021200001
5.983333588	95.257682800	0.021099987
6.000000477	95.279617310	0.020999996
6.016666889	95.279617310	0.020999996
6.033333778	95.301559448	0.020899992
6.050000191	95.301559448	0.020899992
6.066667080	95.323501587	0.020800013
6.083333492	95.323501587	0.020800013
6.100000381	95.323501587	0.020800013
6.116666794	95.345458984	0.020699987
6.133333683	95.323501587	0.020800013
6.150000095	95.323501587	0.020800013
6.166666985	95.345458984	0.020699987
6.183333874	95.345458984	0.020699987
6.200000286	95.345458984	0.020699987
6.216667175	95.345458984	0.020699987
6.233333588	95.389373779	0.020500002
6.250000477	95.389373779	0.020500002
6.266666889	95.411338806	0.020400010
6.283333778	95.411338806	0.020400010
6.300000191	95.433311462	0.020300006
6.316667080	95.411338806	0.020400010
6.333333492	95.411338806	0.020400010
6.350000381	95.433311462	0.020300006
6.366666794	95.433311462	0.020300006
6.383333683	95.411338806	0.020400010
6.400000572	95.455291748	0.020199990
6.416666985	95.499259949	0.019999994
6.433333874	95.433311462	0.020300006
6.450000286	95.521247864	0.019900013
6.466667175	95.499259949	0.019999994
6.483333588	95.499259949	0.019999994
6.500000477	95.477272034	0.020099998
6.516666889	95.543251038	0.019799985
6.533333778	95.543251038	0.019799985
6.550000191	95.499259949	0.019999994
6.566667080	95.521247864	0.019900013
6.583333492	95.521247864	0.019900013
6.600000381	95.521247864	0.019900013
6.616666794	95.543251038	0.019799985
6.633333683	95.543251038	0.019799985
6.650000572	95.543251038	0.019799985
6.666666985	95.565246582	0.019700015
6.683333874	95.565246582	0.019700015
6.700000286	95.587257385	0.019599998
6.716667175	95.587257385	0.019599998
6.733333588	95.609268188	0.019500006
6.750000477	95.631286621	0.019400001
6.766666889	95.631286621	0.019400001
6.783333778	95.631286621	0.019400001
6.800000191	95.631286621	0.019400001
6.816667080	95.653312683	0.019299984
6.833333492	95.653312683	0.019299984
6.850000381	95.653312683	0.019299984
6.866666794	95.653312683	0.019299984
6.883333683	95.675338745	0.019199992
6.900000572	95.697372437	0.019099986
6.916666985	95.741447449	0.018900011
6.933333874	95.763496399	0.018800005
6.950000286	95.719406128	0.019000005
6.966667175	95.785552979	0.018699989
6.983333588	95.741447449	0.018900011
7.000000477	95.785552979	0.018699989
7.016666889	95.785552979	0.018699989
7.033333778	95.785552979	0.018699989
7.050000191	95.807609558	0.018599996
7.066667080	95.807609558	0.018599996
7.083333492	95.829673767	0.018499991
7.100000381	95.829673767	0.018499991
7.116667271	95.807609558	0.018599996
7.133333683	95.785552979	0.018699989
7.150000572	95.873809814	0.018300014
7.166666985	95.807609558	0.018599996
7.183333874	95.851737976	0.018400008
7.200000286	95.829673767	0.018499991
7.216667175	95.829673767	0.018499991
7.233333588	95.851737976	0.018400008
7.250000477	95.851737976	0.018400008
7.266666889	95.851737976	0.018400008
7.283333778	95.807609558	0.018599996
7.300000191	95.807609558	0.018599996
7.316667080	95.829673767	0.018499991
7.333333492	95.829673767	0.018499991
7.350000381	95.829673767	0.018499991
7.366667271	95.829673767	0.018499991
7.383333683	95.829673767	0.018499991
7.400000572	95.829673767	0.018499991
7.416666985	95.851737976	0.018400008
7.433333874	95.829673767	0.018499991
7.450000286	95.851737976	0.018400008
7.466667175	95.851737976	0.018400008
7.483333588	95.851737976	0.018400008
7.500000477	95.851737976	0.018400008
7.516666889	95.829673767	0.018499991
7.533333778	95.851737976	0.018400008
7.550000191	95.851737976	0.018400008
7.566667080	95.851737976	0.018400008
7.583333492	95.851737976	0.018400008
7.600000381	95.851737976	0.018400008
7.616667271	95.851737976	0.018400008
7.633333683	95.873809814	0.018300014
7.650000572	95.873809814	0.018300014
7.666666985	95.873809814	0.018300014
7.683333874	95.895889282	0.018200008
7.700000286	95.873809814	0.018300014
7.716667175	95.895889282	0.018200008
7.733333588	95.895889282	0.018200008
7.750000477	95.895889282	0.018200008
7.766666889	95.895889282	0.018200008
7.783333778	95.895889282	0.018200008
7.800000191	95.917976379	0.018099992
7.816667080	95.917976379	0.018099992
7.833333969	95.917976379	0.018099992
7.850000381	95.917976379	0.018099992
7.866667271	95.917976379	0.018099992
7.883333683	95.917976379	0.018099992
7.900000572	95.917976379	0.018099992
7.916666985	95.917976379	0.018099992
7.933333874	95.940063477	0.017999999
7.950000286	95.940063477	0.017999999
7.966667175	95.940063477	0.017999999
7.983333588	95.940063477	0.017999999
8.000000000	95.917976379	0.018099992
8.016667366	95.940063477	0.017999999
8.033333778	95.940063477	0.017999999
8.050000191	95.962158203	0.017899994
8.066667557	95.984252930	0.017800011
8.083333969	95.984252930	0.017800011
8.100000381	95.984252930	0.017800011
8.116666794	95.984252930	0.017800011
8.133334160	95.984252930	0.017800011
8.150000572	95.984252930	0.017800011
8.166666985	95.984252930	0.017800011
8.183333397	95.984252930	0.017800011
8.200000763	96.006362915	0.017699983
8.216667175	96.006362915	0.017699983
8.233333588	96.028465271	0.017600011
8.250000000	96.028465271	0.017600011
8.266667366	96.072700500	0.017400002
8.283333778	96.072700500	0.017400002
8.300000191	96.094825745	0.017299997
8.316667557	96.094825745	0.017299997
8.333333969	96.094825745	0.017299997
8.350000381	96.094825745	0.017299997
8.366666794	96.116950989	0.017200014
8.383334160	96.094825745	0.017299997
8.400000572	96.094825745	0.017299997
8.416666985	96.094825745	0.017299997
8.433333397	96.094825745	0.017299997
8.450000763	96.072700500	0.017400002
8.466667175	96.116950989	0.017200014
8.483333588	96.116950989	0.017200014
8.500000000	96.139091492	0.017099986
8.516667366	96.116950989	0.017200014
8.533333778	96.116950989	0.017200014
8.550000191	96.116950989	0.017200014
8.566667557	96.161224365	0.017000016
8.583333969	96.139091492	0.017099986
8.600000381	96.139091492	0.017099986
8.616666794	96.139091492	0.017099986
8.633334160	96.139091492	0.017099986
8.650000572	96.139091492	0.017099986
8.666666985	96.139091492	0.017099986
8.683333397	96.139091492	0.017099986
8.700000763	96.139091492	0.017099986
8.716667175	96.139091492	0.017099986
8.733333588	96.139091492	0.017099986
8.750000000	96.139091492	0.017099986
8.766667366	96.161224365	0.017000016
8.783333778	96.161224365	0.017000016
8.800000191	96.183372498	0.016899999
8.816667557	96.183372498	0.016899999
8.833333969	96.183372498	0.016899999
8.850000381	96.183372498	0.016899999
8.866666794	96.205520630	0.016800005
8.883334160	96.227676392	0.016700001
8.900000572	96.227676392	0.016700001
8.916666985	96.183372498	0.016899999
8.933333397	96.249839783	0.016599985
8.950000763	96.227676392	0.016700001
8.966667175	96.249839783	0.016599985
8.983333588	96.227676392	0.016700001
9.000000000	96.249839783	0.016599985
9.016667366	96.249839783	0.016599985
9.033333778	96.249839783	0.016599985
9.050000191	96.272003174	0.016499992
9.066667557	96.338523865	0.016200012
9.083333969	96.294174194	0.016399987
9.100000381	96.272003174	0.016499992
9.116666794	96.316345215	0.016300006
9.133334160	96.272003174	0.016499992
9.150000572	96.316345215	0.016300006
9.166666985	96.316345215	0.016300006
9.183333397	96.316345215	0.016300006
9.200000763	96.316345215	0.016300006
9.216667175	96.316345215	0.016300006
9.233333588	96.338523865	0.016200012
9.250000954	96.338523865	0.016200012
9.266667366	96.338523865	0.016200012
9.283333778	96.360710144	0.016100008
9.300000191	96.382904053	0.015999993
9.316667557	96.360710144	0.016100008
9.333333969	96.360710144	0.016100008
9.350000381	96.382904053	0.015999993
9.366666794	96.382904053	0.015999993
9.383334160	96.382904053	0.015999993
9.400000572	96.382904053	0.015999993
9.416666985	96.382904053	0.015999993
9.433333397	96.382904053	0.015999993
9.450000763	96.382904053	0.015999993
9.466667175	96.405097961	0.015899999
9.483333588	96.405097961	0.015899999
9.500000954	96.405097961	0.015899999
9.516667366	96.405097961	0.015899999
9.533333778	96.427299500	0.015799996
9.550000191	96.405097961	0.015899999
9.566667557	96.427299500	0.015799996
9.583333969	96.427299500	0.015799996
9.600000381	96.427299500	0.015799996
9.616666794	96.427299500	0.015799996
9.633334160	96.427299500	0.015799996
9.650000572	96.427299500	0.015799996
9.666666985	96.405097961	0.015899999
9.683333397	96.405097961	0.015899999
9.700000763	96.405097961	0.015899999
9.716667175	96.405097961	0.015899999
9.733333588	96.405097961	0.015899999
9.750000954	96.427299500	0.015799996
9.766667366	96.405097961	0.015899999
9.783333778	96.405097961	0.015899999
9.800000191	96.427299500	0.015799996
9.816667557	96.382904053	0.015999993
9.833333969	96.449501038	0.015700014
9.850000381	96.427299500	0.015799996
9.866666794	96.449501038	0.015700014
9.883334160	96.427299500	0.015799996
9.900000572	96.427299500	0.015799996
9.916666985	96.471717834	0.015599988
9.933333397	96.449501038	0.015700014
9.950000763	96.427299500	0.015799996
9.966667175	96.449501038	0.015700014
9.983333588	96.427299500	0.015799996
10.000000954	96.427299500	0.015799996
10.016667366	96.427299500	0.015799996
10.033333778	96.427299500	0.015799996
10.050000191	96.449501038	0.015700014
10.066667557	96.449501038	0.015700014
10.083333969	96.427299500	0.015799996
10.100000381	96.449501038	0.015700014
10.116666794	96.449501038	0.015700014
10.133334160	96.449501038	0.015700014
10.150000572	96.471717834	0.015599988
10.166666985	96.449501038	0.015700014
10.183333397	96.493934631	0.015499985
10.200000763	96.493934631	0.015499985
10.216667175	96.493934631	0.015499985
10.233333588	96.493934631	0.015499985
10.250000954	96.493934631	0.015499985
10.266667366	96.516151428	0.015400004
10.283333778	96.516151428	0.015400004
10.300000191	96.493934631	0.015499985
10.316667557	96.516151428	0.015400004
10.333333969	96.493934631	0.015499985
10.350000381	96.538375854	0.015300012
10.366666794	96.516151428	0.015400004
10.383334160	96.538375854	0.015300012
10.400000572	96.538375854	0.015300012
10.416666985	96.538375854	0.015300012
10.433334351	96.560607910	0.015200009
10.450000763	96.560607910	0.015200009
10.466667175	96.560607910	0.015200009
10.483333588	96.582847595	0.015099994
10.500000954	96.582847595	0.015099994
10.516667366	96.582847595	0.015099994
10.533333778	96.582847595	0.015099994
10.550000191	96.605087280	0.015000002
10.566667557	96.605087280	0.015000002
10.583333969	96.605087280	0.015000002
10.600000381	96.627334595	0.014900000
10.616666794	96.605087280	0.015000002
10.633334160	96.627334595	0.014900000
10.650000572	96.627334595	0.014900000
10.666666985	96.649589539	0.014799986
10.683334351	96.649589539	0.014799986
10.700000763	96.671844482	0.014699996
10.716667175	96.671844482	0.014699996
10.733333588	96.671844482	0.014699996
10.750000954	96.671844482	0.014699996
10.766667366	96.671844482	0.014699996
10.783333778	96.671844482	0.014699996
10.800000191	96.694107056	0.014599993
10.816667557	96.694107056	0.014599993
10.833333969	96.716369629	0.014500014
10.850000381	96.716369629	0.014500014
10.866666794	96.716369629	0.014500014
10.883334160	96.716369629	0.014500014
10.900000572	96.716369629	0.014500014
10.916666985	96.716369629	0.014500014
10.933334351	96.738647461	0.014399989
10.950000763	96.738647461	0.014399989
10.966667175	96.716369629	0.014500014
10.983333588	96.738647461	0.014399989
11.000000954	96.738647461	0.014399989
11.016667366	96.738647461	0.014399989
11.033333778	96.760925293	0.014299987
11.050000191	96.760925293	0.014299987
11.066667557	96.760925293	0.014299987
11.083333969	96.760925293	0.014299987
11.100000381	96.760925293	0.014299987
11.116666794	96.783203125	0.014200008
11.133334160	96.783203125	0.014200008
11.150000572	96.760925293	0.014299987
11.166666985	96.783203125	0.014200008
11.183334351	96.783203125	0.014200008
11.200000763	96.783203125	0.014200008
11.216667175	96.805496216	0.014099984
11.233333588	96.805496216	0.014099984
11.250000954	96.805496216	0.014099984
11.266667366	96.805496216	0.014099984
11.283333778	96.805496216	0.014099984
11.300000191	96.805496216	0.014099984
11.316667557	96.805496216	0.014099984
11.333333969	96.805496216	0.014099984
11.350000381	96.805496216	0.014099984
11.366666794	96.827789307	0.013999984
11.383334160	96.827789307	0.013999984
11.400000572	96.827789307	0.013999984
11.416666985	96.850082397	0.013900005
11.433334351	96.850082397	0.013900005
11.450000763	96.850082397	0.013900005
11.466667175	96.850082397	0.013900005
11.483333588	96.872383118	0.013800017
11.500000954	96.872383118	0.013800017
11.516667366	96.872383118	0.013800017
11.533333778	96.872383118	0.013800017
11.550000191	96.872383118	0.013800017
11.566667557	96.872383118	0.013800017
11.583333969	96.872383118	0.013800017
11.600000381	96.894691467	0.013700016
11.616667747	96.894691467	0.013700016
11.633334160	96.894691467	0.013700016
11.650000572	96.961647034	0.013400016
11.666666985	96.872383118	0.013800017
11.683334351	96.917007446	0.013600004
11.700000763	96.872383118	0.013800017
11.716667175	96.894691467	0.013700016
11.733333588	96.917007446	0.013600004
11.750000954	96.894691467	0.013700016
11.766667366	96.917007446	0.013600004
11.783333778	96.917007446	0.013600004
11.800000191	96.917007446	0.013600004
11.816667557	96.917007446	0.013600004
11.833333969	96.917007446	0.013600004
11.850000381	96.917007446	0.013600004
11.866667747	96.917007446	0.013600004
11.883334160	96.917007446	0.013600004
11.900000572	96.917007446	0.013600004
11.916666985	96.917007446	0.013600004
11.933334351	96.917007446	0.013600004
11.950000763	96.939323425	0.013500015
11.966667175	96.939323425	0.013500015
11.983333588	96.961647034	0.013400016
12.000000954	96.939323425	0.013500015
12.016667366	96.939323425	0.013500015
12.033333778	96.961647034	0.013400016
12.050000191	96.939323425	0.013500015
12.066667557	96.939323425	0.013500015
12.083333969	96.939323425	0.013500015
12.100000381	96.939323425	0.013500015
12.116667747	96.939323425	0.013500015
12.133334160	96.961647034	0.013400016
12.150000572	96.961647034	0.013400016
12.166666985	96.961647034	0.013400016
12.183334351	96.961647034	0.013400016
12.200000763	96.961647034	0.013400016
12.216667175	96.961647034	0.013400016
12.233333588	96.983978271	0.013300005
12.250000954	96.983978271	0.013300005
12.266667366	96.983978271	0.013300005
12.283333778	96.983978271	0.013300005
12.300000191	97.006317139	0.013199983
12.316667557	96.983978271	0.013300005
12.333333969	96.983978271	0.013300005
12.350000381	96.983978271	0.013300005
12.366667747	97.006317139	0.013199983
12.383334160	97.006317139	0.013199983
12.400000572	96.983978271	0.013300005
12.416666985	97.006317139	0.013199983
12.433334351	97.006317139	0.013199983
12.450000763	97.006317139	0.013199983
12.466667175	97.006317139	0.013199983
12.483333588	97.006317139	0.013199983
12.500000954	97.006317139	0.013199983
12.516667366	97.028656006	0.013099984
12.533333778	97.028656006	0.013099984
12.550000191	97.028656006	0.013099984
12.566667557	97.028656006	0.013099984
12.583333969	97.050994873	0.013000009
12.600000381	97.050994873	0.013000009
12.616667747	97.073348999	0.012899987
12.633334160	97.073348999	0.012899987
12.650000572	97.073348999	0.012899987
12.666666985	97.073348999	0.012899987
12.683334351	97.095703125	0.012799989
12.700000763	97.073348999	0.012899987
12.716667175	97.095703125	0.012799989
12.733333588	97.073348999	0.012899987
12.750000954	97.095703125	0.012799989
12.766667366	97.095703125	0.012799989
12.783333778	97.095703125	0.012799989
12.800001144	97.118057251	0.012700014
12.816667557	97.118057251	0.012700014
12.833333969	97.118057251	0.012700014
12.850000381	97.140426636	0.012599993
12.866667747	97.140426636	0.012599993
12.883334160	97.140426636	0.012599993
12.900000572	97.140426636	0.012599993
12.916666985	97.140426636	0.012599993
12.933334351	97.118057251	0.012700014
12.950000763	97.118057251	0.012700014
12.966667175	97.140426636	0.012599993
12.983333588	97.140426636	0.012599993
13.000000954	97.140426636	0.012599993
13.016667366	97.118057251	0.012700014
13.033333778	97.118057251	0.012700014
13.050001144	97.118057251	0.012700014
13.066667557	97.140426636	0.012599993
13.083333969	97.118057251	0.012700014
13.100000381	97.118057251	0.012700014
13.116667747	97.140426636	0.012599993
13.133334160	97.118057251	0.012700014
13.150000572	97.140426636	0.012599993
13.166666985	97.140426636	0.012599993
13.183334351	97.140426636	0.012599993
13.200000763	97.118057251	0.012700014
13.216667175	97.140426636	0.012599993
13.233333588	97.140426636	0.012599993
13.250000954	97.140426636	0.012599993
13.266667366	97.162796021	0.012499996
13.283333778	97.140426636	0.012599993
13.300001144	97.140426636	0.012599993
13.316667557	97.140426636	0.012599993
13.333333969	97.140426636	0.012599993
13.350000381	97.140426636	0.012599993
13.366667747	97.140426636	0.012599993
13.383334160	97.140426636	0.012599993
13.400000572	97.140426636	0.012599993
13.416666985	97.162796021	0.012499996
13.433334351	97.140426636	0.012599993
13.450000763	97.140426636	0.012599993
13.466667175	97.140426636	0.012599993
13.483333588	97.140426636	0.012599993
13.500000954	97.140426636	0.012599993
13.516667366	97.140426636	0.012599993
13.533333778	97.162796021	0.012499996
13.550001144	97.162796021	0.012499996
13.566667557	97.162796021	0.012499996
13.583333969	97.140426636	0.012599993
13.600000381	97.140426636	0.012599993
13.616667747	97.140426636	0.012599993
13.633334160	97.140426636	0.012599993
13.650000572	97.140426636	0.012599993
13.666666985	97.140426636	0.012599993
13.683334351	97.140426636	0.012599993
13.700000763	97.140426636	0.012599993
13.716667175	97.162796021	0.012499996
13.733333588	97.140426636	0.012599993
13.750000954	97.140426636	0.012599993
13.766667366	97.140426636	0.012599993
13.783333778	97.140426636	0.012599993
13.800001144	97.140426636	0.012599993
13.816667557	97.140426636	0.012599993
13.833333969	97.140426636	0.012599993
13.850000381	97.140426636	0.012599993
13.866667747	97.140426636	0.012599993
13.883334160	97.140426636	0.012599993
13.900000572	97.162796021	0.012499996
13.916666985	97.162796021	0.012499996
13.933334351	97.162796021	0.012499996
13.950000763	97.162796021	0.012499996
13.966667175	97.140426636	0.012599993
13.983333588	97.162796021	0.012499996
14.000000954	97.162796021	0.012499996
14.016667366	97.162796021	0.012499996
14.033333778	97.162796021	0.012499996
14.050001144	97.162796021	0.012499996
14.066667557	97.162796021	0.012499996
14.083333969	97.162796021	0.012499996
14.100000381	97.140426636	0.012599993
14.116667747	97.162796021	0.012499996
14.133334160	97.162796021	0.012499996
14.150000572	97.162796021	0.012499996
14.166666985	97.162796021	0.012499996
14.183334351	97.162796021	0.012499996
14.200000763	97.162796021	0.012499996
14.216667175	97.162796021	0.012499996
14.233334541	97.162796021	0.012499996
14.250000954	97.185173035	0.012399987
14.266667366	97.185173035	0.012399987
14.283333778	97.185173035	0.012399987
14.300001144	97.207550049	0.012300002
14.316667557	97.185173035	0.012399987
14.333333969	97.207550049	0.012300002
14.350000381	97.207550049	0.012300002
14.366667747	97.207550049	0.012300002
14.383334160	97.229934692	0.012200006
14.400000572	97.207550049	0.012300002
14.416666985	97.229934692	0.012200006
14.433334351	97.229934692	0.012200006
14.450000763	97.229934692	0.012200006
14.466667175	97.229934692	0.012200006
14.483334541	97.229934692	0.012200006
14.500000954	97.229934692	0.012200006
14.516667366	97.229934692	0.012200006
14.533333778	97.229934692	0.012200006
14.550001144	97.229934692	0.012200006
14.566667557	97.229934692	0.012200006
14.583333969	97.229934692	0.012200006
14.600000381	97.229934692	0.012200006
14.616667747	97.229934692	0.012200006
14.633334160	97.229934692	0.012200006
14.650000572	97.229934692	0.012200006
14.666666985	97.229934692	0.012200006
14.683334351	97.252326965	0.012099998
14.700000763	97.252326965	0.012099998
14.716667175	97.229934692	0.012200006
14.733334541	97.229934692	0.012200006
14.750000954	97.229934692	0.012200006
14.766667366	97.252326965	0.012099998
14.783333778	97.229934692	0.012200006
14.800001144	97.229934692	0.012200006
14.816667557	97.229934692	0.012200006
14.833333969	97.252326965	0.012099998
14.850000381	97.252326965	0.012099998
14.866667747	97.252326965	0.012099998
14.883334160	97.274719238	0.012000014
14.900000572	97.274719238	0.012000014
14.916666985	97.274719238	0.012000014
14.933334351	97.297126770	0.011899984
14.950000763	97.297126770	0.011899984
14.966667175	97.297126770	0.011899984
14.983334541	97.297126770	0.011899984
15.000000954	97.297126770	0.011899984
15.016667366	97.297126770	0.011899984
15.033333778	97.297126770	0.011899984
15.050001144	97.319526672	0.011800012
15.066667557	97.319526672	0.011800012
15.083333969	97.319526672	0.011800012
15.100000381	97.319526672	0.011800012
15.116667747	97.319526672	0.011800012
15.133334160	97.319526672	0.011800012
15.150000572	97.319526672	0.011800012
15.166666985	97.319526672	0.011800012
15.183334351	97.319526672	0.011800012
15.200000763	97.319526672	0.011800012
15.216667175	97.319526672	0.011800012
15.233334541	97.341941833	0.011699994
15.250000954	97.341941833	0.011699994
15.266667366	97.364356995	0.011600000
15.283333778	97.364356995	0.011600000
15.300001144	97.364356995	0.011600000
15.316667557	97.386779785	0.011499994
15.333333969	97.386779785	0.011499994
15.350000381	97.409202576	0.011400012
15.366667747	97.409202576	0.011400012
15.383334160	97.409202576	0.011400012
15.400000572	97.409202576	0.011400012
15.416667938	97.409202576	0.011400012
15.433334351	97.409202576	0.011400012
15.450000763	97.431640625	0.011299985
15.466667175	97.409202576	0.011400012
15.483334541	97.409202576	0.011400012
15.500000954	97.409202576	0.011400012
15.516667366	97.409202576	0.011400012
15.533333778	97.431640625	0.011299985
15.550001144	97.409202576	0.011400012
15.566667557	97.409202576	0.011400012
15.583333969	97.409202576	0.011400012
15.600000381	97.409202576	0.011400012
15.616667747	97.409202576	0.011400012
15.633334160	97.431640625	0.011299985
15.650000572	97.431640625	0.011299985
15.666667938	97.431640625	0.011299985
15.683334351	97.409202576	0.011400012
15.700000763	97.409202576	0.011400012
15.716667175	97.409202576	0.011400012
15.733334541	97.386779785	0.011499994
15.750000954	97.409202576	0.011400012
15.766667366	97.409202576	0.011400012
15.783333778	97.386779785	0.011499994
15.800001144	97.386779785	0.011499994
15.816667557	97.386779785	0.011499994
15.833333969	97.364356995	0.011600000
15.850000381	97.364356995	0.011600000
15.866667747	97.364356995	0.011600000
15.883334160	97.364356995	0.011600000
15.900000572	97.386779785	0.011499994
15.916667938	97.364356995	0.011600000
15.933334351	97.364356995	0.011600000
15.950000763	97.386779785	0.011499994
15.966667175	97.409202576	0.011400012
15.983334541	97.409202576	0.011400012
16.000000000	97.431640625	0.011299985
16.016668320	97.431640625	0.011299985
16.033334732	97.431640625	0.011299985
16.050001144	97.431640625	0.011299985
16.066667557	97.431640625	0.011299985
16.083333969	97.454071045	0.011200014
16.100000381	97.431640625	0.011299985
16.116666794	97.454071045	0.011200014
16.133335114	97.498962402	0.011000006
16.150001526	97.543876648	0.010799988
16.166667938	97.566337585	0.010699997
16.183334351	97.588806152	0.010599995
16.200000763	97.611274719	0.010500016
16.216667175	97.611274719	0.010500016
16.233333588	97.633758545	0.010399992
16.250000000	97.633758545	0.010399992
16.266668320	97.633758545	0.010399992
16.283334732	86.158874512	0.064699985
16.300001144	85.015869141	0.070500001
16.316667557	90.032646179	0.045599986
16.333333969	89.846260071	0.046499997
16.350000381	88.817794800	0.051500015
16.366666794	89.618980408	0.047600001
16.383335114	92.555023193	0.033600006
16.400001526	92.235900879	0.035100006
16.416667938	91.960220337	0.036399998
16.433334351	88.226692200	0.054400004
16.450000763	89.515861511	0.048100006
16.466667175	85.565757751	0.067699999
16.483333588	89.846260071	0.046499997
16.500000000	88.961067200	0.050800014
16.516668320	93.669891357	0.028399983
16.533334732	97.409202576	0.011400012
16.550001144	85.684051514	0.067100003
16.566667557	90.740257263	0.042199995
16.583333969	87.096359253	0.059999999
16.600000381	86.119201660	0.064900003
16.616666794	87.056259155	0.060199998
16.633335114	93.691459656	0.028299995
16.650001526	91.369239807	0.039199989
16.666667938	94.406089783	0.024999989
16.683334351	97.454071045	0.011200014
16.700000763	97.543876648	0.010799988
16.716667175	93.519027710	0.029100018
16.733333588	93.003654480	0.031499986
16.750000000	96.449501038	0.015700014
16.766668320	97.521415710	0.010900003
16.783334732	97.521415710	0.010900003
16.800001144	97.498962402	0.011000006
16.816667557	97.521415710	0.010900003
16.833333969	97.386779785	0.011499994
16.850000381	97.543876648	0.010799988
16.866666794	95.082366943	0.021900015
16.883335114	97.386779785	0.011499994
16.900001526	97.185173035	0.012399987
16.916667938	97.543876648	0.010799988
16.933334351	97.543876648	0.010799988
16.950000763	97.543876648	0.010799988
16.966667175	97.566337585	0.010699997
16.983333588	97.566337585	0.010699997
17.000000000	97.566337585	0.010699997
17.016668320	97.566337585	0.010699997
17.033334732	97.498962402	0.011000006
17.050001144	94.798179626	0.023200002
17.066667557	97.566337585	0.010699997
17.083333969	97.566337585	0.010699997
17.100000381	97.566337585	0.010699997
17.116666794	97.566337585	0.010699997
17.133335114	97.543876648	0.010799988
17.150001526	97.543876648	0.010799988
17.166667938	97.521415710	0.010900003
17.183334351	97.498962402	0.011000006
17.200000763	97.476516724	0.011099999
17.216667175	97.476516724	0.011099999
17.233333588	97.476516724	0.011099999
17.250000000	97.454071045	0.011200014
17.266668320	97.454071045	0.011200014
17.283334732	97.454071045	0.011200014
17.300001144	97.454071045	0.011200014
17.316667557	97.454071045	0.011200014
17.333333969	97.454071045	0.011200014
17.350000381	97.476516724	0.011099999
17.366666794	97.498962402	0.011000006
17.383335114	97.498962402	0.011000006
17.400001526	97.476516724	0.011099999
17.416667938	97.476516724	0.011099999
17.433334351	97.476516724	0.011099999
17.450000763	97.476516724	0.011099999
17.466667175	97.476516724	0.011099999
17.483333588	97.476516724	0.011099999
17.500000000	97.476516724	0.011099999
17.516668320	97.498962402	0.011000006
17.533334732	97.498962402	0.011000006
17.550001144	97.498962402	0.011000006
17.566667557	97.498962402	0.011000006
17.583333969	97.498962402	0.011000006
17.600000381	97.498962402	0.011000006
17.616666794	97.498962402	0.011000006
17.633335114	97.498962402	0.011000006
17.650001526	97.498962402	0.011000006
17.666667938	97.521415710	0.010900003
17.683334351	97.543876648	0.010799988
17.700000763	97.543876648	0.010799988
17.716667175	97.543876648	0.010799988
17.733333588	97.521415710	0.010900003
17.750000000	97.521415710	0.010900003
17.766668320	97.521415710	0.010900003
17.783334732	97.521415710	0.010900003
17.800001144	97.498962402	0.011000006
17.816667557	97.521415710	0.010900003
17.833333969	97.521415710	0.010900003
17.850000381	97.521415710	0.010900003
17.866666794	97.521415710	0.010900003
17.883335114	97.521415710	0.010900003
17.900001526	97.521415710	0.010900003
17.916667938	97.521415710	0.010900003
17.933334351	97.543876648	0.010799988
17.950000763	97.521415710	0.010900003
17.966667175	97.521415710	0.010900003
17.983333588	97.543876648	0.010799988
18.000000000	97.543876648	0.010799988
18.016668320	97.521415710	0.010900003
18.033334732	97.521415710	0.010900003
18.050001144	97.521415710	0.010900003
18.066667557	97.521415710	0.010900003
18.083333969	97.521415710	0.010900003
18.100000381	97.521415710	0.010900003
18.116666794	97.521415710	0.010900003
18.133335114	97.521415710	0.010900003
18.150001526	97.498962402	0.011000006
18.166667938	97.521415710	0.010900003
18.183334351	97.498962402	0.011000006
18.200000763	97.498962402	0.011000006
18.216667175	97.498962402	0.011000006
18.233333588	97.498962402	0.011000006
18.250000000	97.498962402	0.011000006
18.266668320	97.498962402	0.011000006
18.283334732	97.498962402	0.011000006
18.300001144	97.498962402	0.011000006
18.316667557	97.498962402	0.011000006
18.333333969	97.521415710	0.010900003
18.350000381	97.498962402	0.011000006
18.366666794	97.521415710	0.010900003
18.383335114	97.498962402	0.011000006
18.400001526	97.521415710	0.010900003
18.416667938	97.498962402	0.011000006
18.433334351	97.498962402	0.011000006
18.450000763	97.521415710	0.010900003
18.466667175	97.498962402	0.011000006
18.483333588	97.521415710	0.010900003
18.500001907	97.498962402	0.011000006
18.516668320	97.498962402	0.011000006
18.533334732	97.498962402	0.011000006
18.550001144	97.498962402	0.011000006
18.566667557	97.521415710	0.010900003
18.583333969	97.498962402	0.011000006
18.600000381	97.498962402	0.011000006
18.616666794	97.498962402	0.011000006
18.633335114	97.498962402	0.011000006
18.650001526	97.521415710	0.010900003
18.666667938	97.521415710	0.010900003
18.683334351	97.498962402	0.011000006
18.700000763	97.521415710	0.010900003
18.716667175	97.521415710	0.010900003
18.733333588	97.521415710	0.010900003
18.750001907	97.521415710	0.010900003
18.766668320	97.498962402	0.011000006
18.783334732	97.521415710	0.010900003
18.800001144	97.521415710	0.010900003
18.816667557	97.521415710	0.010900003
18.833333969	97.521415710	0.010900003
18.850000381	97.498962402	0.011000006
18.866666794	97.521415710	0.010900003
18.883335114	97.521415710	0.010900003
18.900001526	97.521415710	0.010900003
18.916667938	97.521415710	0.010900003
18.933334351	97.521415710	0.010900003
18.950000763	97.521415710	0.010900003
18.966667175	97.521415710	0.010900003
18.983333588	97.521415710	0.010900003
19.000001907	97.521415710	0.010900003
19.016668320	97.498962402	0.011000006
19.033334732	97.498962402	0.011000006
19.050001144	97.498962402	0.011000006
19.066667557	97.521415710	0.010900003
19.083333969	97.521415710	0.010900003
19.100000381	97.521415710	0.010900003
19.116666794	97.498962402	0.011000006
19.133335114	97.521415710	0.010900003
19.150001526	97.498962402	0.011000006
19.166667938	97.521415710	0.010900003
19.183334351	97.521415710	0.010900003
19.200000763	97.521415710	0.010900003
19.216667175	97.521415710	0.010900003
19.233333588	97.521415710	0.010900003
19.250001907	97.521415710	0.010900003
19.266668320	97.521415710	0.010900003
19.283334732	97.521415710	0.010900003
19.300001144	97.521415710	0.010900003
19.316667557	97.521415710	0.010900003
19.333333969	97.521415710	0.010900003
19.350000381	97.566337585	0.010699997
19.366666794	97.566337585	0.010699997
19.383335114	97.543876648	0.010799988
19.400001526	97.543876648	0.010799988
19.416667938	97.543876648	0.010799988
19.433334351	97.521415710	0.010900003
19.450000763	97.521415710	0.010900003
19.466667175	97.521415710	0.010900003
19.483333588	97.521415710	0.010900003
19.500001907	97.521415710	0.010900003
19.516668320	97.521415710	0.010900003
19.533334732	97.521415710	0.010900003
19.550001144	97.521415710	0.010900003
19.566667557	97.521415710	0.010900003
19.583333969	97.521415710	0.010900003
19.600000381	97.521415710	0.010900003
19.616666794	97.543876648	0.010799988
19.633335114	97.543876648	0.010799988
19.650001526	97.566337585	0.010699997
19.666667938	97.543876648	0.010799988
19.683334351	97.543876648	0.010799988
19.700000763	97.566337585	0.010699997
19.716667175	97.566337585	0.010699997
19.733333588	97.588806152	0.010599995
19.750001907	97.588806152	0.010599995
19.766668320	97.588806152	0.010599995
19.783334732	97.588806152	0.010599995
19.800001144	97.588806152	0.010599995
19.816667557	97.588806152	0.010599995
19.833333969	97.588806152	0.010599995
19.850000381	97.566337585	0.010699997
19.866666794	97.588806152	0.010599995
19.883335114	97.566337585	0.010699997
19.900001526	97.566337585	0.010699997
19.916667938	97.566337585	0.010699997
19.933334351	97.588806152	0.010599995
19.950000763	97.588806152	0.010599995
19.966667175	97.588806152	0.010599995
19.983333588	97.566337585	0.010699997
20.000001907	97.566337585	0.010699997
20.016668320	97.566337585	0.010699997
20.033334732	97.543876648	0.010799988
20.050001144	97.543876648	0.010799988
20.066667557	97.543876648	0.010799988
20.083333969	97.543876648	0.010799988
20.100000381	97.566337585	0.010699997
20.116666794	97.566337585	0.010699997
20.133335114	97.566337585	0.010699997
20.150001526	97.588806152	0.010599995
20.166667938	97.588806152	0.010599995
20.183334351	97.588806152	0.010599995
20.200000763	97.588806152	0.010599995
20.216667175	97.588806152	0.010599995
20.233333588	97.588806152	0.010599995
20.250001907	97.588806152	0.010599995
20.266668320	97.611274719	0.010500016
20.283334732	97.611274719	0.010500016
20.300001144	97.611274719	0.010500016
20.316667557	97.566337585	0.010699997
20.333333969	97.611274719	0.010500016
20.350000381	97.611274719	0.010500016
20.366666794	97.588806152	0.010599995
20.383335114	97.611274719	0.010500016
20.400001526	97.611274719	0.010500016
20.416667938	97.611274719	0.010500016
20.433334351	97.633758545	0.010399992
20.450000763	97.611274719	0.010500016
20.466667175	97.611274719	0.010500016
20.483333588	97.633758545	0.010399992
20.500001907	97.633758545	0.010399992
20.516668320	97.656242371	0.010299991
20.533334732	97.656242371	0.010299991
20.550001144	97.678726196	0.010200012
20.566667557	97.678726196	0.010200012
20.583333969	97.678726196	0.010200012
20.600000381	97.678726196	0.010200012
20.616666794	97.701225281	0.010099989
20.633335114	97.656242371	0.010299991
20.650001526	97.656242371	0.010299991
20.666667938	97.656242371	0.010299991
20.683334351	97.656242371	0.010299991
20.700000763	97.656242371	0.010299991
20.716667175	97.656242371	0.010299991
20.733333588	97.678726196	0.010200012
20.750001907	97.678726196	0.010200012
20.766668320	97.678726196	0.010200012
20.783334732	97.678726196	0.010200012
20.800001144	97.701225281	0.010099989
20.816667557	97.678726196	0.010200012
20.833333969	97.678726196	0.010200012
20.850000381	97.678726196	0.010200012
20.866668701	97.678726196	0.010200012
20.883335114	97.678726196	0.010200012
20.900001526	97.678726196	0.010200012
20.916667938	97.678726196	0.010200012
20.933334351	97.678726196	0.010200012
20.950000763	97.678726196	0.010200012
20.966667175	97.678726196	0.010200012
20.983333588	97.678726196	0.010200012
21.000001907	97.701225281	0.010099989
21.016668320	97.701225281	0.010099989
21.033334732	97.678726196	0.010200012
21.050001144	97.678726196	0.010200012
21.066667557	97.678726196	0.010200012
21.083333969	97.678726196	0.010200012
21.100000381	97.678726196	0.010200012
21.116668701	97.701225281	0.010099989
21.133335114	97.701225281	0.010099989
21.150001526	97.701225281	0.010099989
21.166667938	97.678726196	0.010200012
21.183334351	97.723724365	0.009999990
21.200000763	97.701225281	0.010099989
21.216667175	97.746223450	0.009900013
21.233333588	97.746223450	0.009900013
21.250001907	97.746223450	0.009900013
21.266668320	97.723724365	0.009999990
21.283334732	97.746223450	0.009900013
21.300001144	97.746223450	0.009900013
21.316667557	97.768737793	0.009799992
21.333333969	97.881362915	0.009299992
21.350000381	98.559844971	0.006299988
21.366668701	97.836296082	0.009499997
21.383335114	97.836296082	0.009499997
21.400001526	97.836296082	0.009499997
21.416667938	97.836296082	0.009499997
21.433334351	97.858825684	0.009400000
21.450000763	97.858825684	0.009400000
21.466667175	97.858825684	0.009400000
21.483333588	97.836296082	0.009499997
21.500001907	97.836296082	0.009499997
21.516668320	97.836296082	0.009499997
21.533334732	97.836296082	0.009499997
21.550001144	97.836296082	0.009499997
21.566667557	97.836296082	0.009499997
21.583333969	97.836296082	0.009499997
21.600000381	97.836296082	0.009499997
21.616668701	97.836296082	0.009499997
21.633335114	97.836296082	0.009499997
21.650001526	97.836296082	0.009499997
21.666667938	97.836296082	0.009499997
21.683334351	97.836296082	0.009499997
21.700000763	97.813774109	0.009599984
21.716667175	97.813774109	0.009599984
21.733333588	97.791252136	0.009699993
21.750001907	97.791252136	0.009699993
21.766668320	97.791252136	0.009699993
21.783334732	97.768737793	0.009799992
21.800001144	97.768737793	0.009799992
21.816667557	97.791252136	0.009699993
21.833333969	97.768737793	0.009799992
21.850000381	97.768737793	0.009799992
21.866668701	97.768737793	0.009799992
21.883335114	97.768737793	0.009799992
21.900001526	97.768737793	0.009799992
21.916667938	97.768737793	0.009799992
21.933334351	97.791252136	0.009699993
21.950000763	97.791252136	0.009699993
21.966667175	97.791252136	0.009699993
21.983333588	97.768737793	0.009799992
22.000001907	97.768737793	0.009799992
22.016668320	97.768737793	0.009799992
22.033334732	97.768737793	0.009799992
22.050001144	97.768737793	0.009799992
22.066667557	97.768737793	0.009799992
22.083333969	97.746223450	0.009900013
22.100000381	97.746223450	0.009900013
22.116668701	97.746223450	0.009900013
22.133335114	97.723724365	0.009999990
22.150001526	97.723724365	0.009999990
22.166667938	97.723724365	0.009999990
22.183334351	97.723724365	0.009999990
22.200000763	97.723724365	0.009999990
22.216667175	97.723724365	0.009999990
22.233333588	97.723724365	0.009999990
22.250001907	97.746223450	0.009900013
22.266668320	97.746223450	0.009900013
22.283334732	97.746223450	0.009900013
22.300001144	97.746223450	0.009900013
22.316667557	97.791252136	0.009699993
22.333333969	97.791252136	0.009699993
22.350000381	97.791252136	0.009699993
22.366668701	97.791252136	0.009699993
22.383335114	97.791252136	0.009699993
22.400001526	97.768737793	0.009799992
22.416667938	97.791252136	0.009699993
22.433334351	97.791252136	0.009699993
22.450000763	97.791252136	0.009699993
22.466667175	97.791252136	0.009699993
22.483333588	97.791252136	0.009699993
22.500001907	97.768737793	0.009799992
22.516668320	97.768737793	0.009799992
22.533334732	97.791252136	0.009699993
22.550001144	97.791252136	0.009699993
22.566667557	97.813774109	0.009599984
22.583333969	97.791252136	0.009699993
22.600000381	97.813774109	0.009599984
22.616668701	97.813774109	0.009599984
22.633335114	97.813774109	0.009599984
22.650001526	97.813774109	0.009599984
22.666667938	97.813774109	0.009599984
22.683334351	97.813774109	0.009599984
22.700000763	97.813774109	0.009599984
22.716667175	97.813774109	0.009599984
22.733333588	97.813774109	0.009599984
