Vernier Format 2
Untitled.sbl	15:22  Wednesday, April 03, 2019
Latest
Time	Transmittance	Absorbance
Time	%Trans	Abs
min	%	

0.000000000	94.623718262	0.023999991
0.008333334	94.623718262	0.023999991
0.016666668	94.623718262	0.023999991
0.025000002	94.623718262	0.023999991
0.033333335	94.623718262	0.023999991
0.041666668	94.623718262	0.023999991
0.050000004	94.623718262	0.023999991
0.058333337	94.623718262	0.023999991
0.066666670	94.623718262	0.023999991
0.075000003	94.623718262	0.023999991
0.083333336	94.623718262	0.023999991
0.091666669	94.623718262	0.023999991
0.100000009	94.623718262	0.023999991
0.108333342	94.623718262	0.023999991
0.116666675	94.623718262	0.023999991
0.125000000	94.623718262	0.023999991
0.133333340	94.623718262	0.023999991
0.141666681	94.623718262	0.023999991
0.150000006	94.623718262	0.023999991
0.158333346	94.623718262	0.023999991
0.166666672	94.623718262	0.023999991
0.175000012	94.623718262	0.023999991
0.183333337	94.623718262	0.023999991
0.191666678	94.623718262	0.023999991
0.200000018	94.623718262	0.023999991
0.208333343	94.623718262	0.023999991
0.216666684	94.623718262	0.023999991
0.225000009	94.623718262	0.023999991
0.233333349	94.623718262	0.023999991
0.241666675	94.645507813	0.023899995
0.250000000	94.623718262	0.023999991
0.258333355	94.645507813	0.023899995
0.266666681	94.645507813	0.023899995
0.275000006	94.623718262	0.023999991
0.283333361	94.623718262	0.023999991
0.291666687	94.623718262	0.023999991
0.300000012	94.623718262	0.023999991
0.308333337	94.623718262	0.023999991
0.316666692	94.623718262	0.023999991
0.325000018	94.623718262	0.023999991
0.333333343	94.623718262	0.023999991
0.341666698	94.623718262	0.023999991
0.350000024	94.623718262	0.023999991
0.358333349	94.623718262	0.023999991
0.366666675	94.623718262	0.023999991
0.375000030	94.623718262	0.023999991
0.383333355	94.623718262	0.023999991
0.391666681	94.623718262	0.023999991
0.400000036	94.623718262	0.023999991
0.408333361	94.623718262	0.023999991
0.416666687	94.623718262	0.023999991
0.425000012	94.623718262	0.023999991
0.433333367	94.601928711	0.024100009
0.441666692	94.623718262	0.023999991
0.450000018	94.623718262	0.023999991
0.458333343	94.601928711	0.024100009
0.466666698	94.601928711	0.024100009
0.475000024	94.623718262	0.023999991
0.483333349	94.623718262	0.023999991
0.491666704	94.623718262	0.023999991
0.500000000	94.623718262	0.023999991
0.508333385	94.623718262	0.023999991
0.516666710	94.623718262	0.023999991
0.525000036	94.623718262	0.023999991
0.533333361	94.623718262	0.023999991
0.541666687	94.623718262	0.023999991
0.550000012	94.623718262	0.023999991
0.558333337	94.601928711	0.024100009
0.566666722	94.623718262	0.023999991
0.575000048	94.623718262	0.023999991
0.583333373	94.623718262	0.023999991
0.591666698	94.623718262	0.023999991
0.600000024	94.623718262	0.023999991
0.608333349	94.601928711	0.024100009
0.616666675	94.601928711	0.024100009
0.625000060	94.601928711	0.024100009
0.633333385	94.601928711	0.024100009
0.641666710	94.601928711	0.024100009
0.650000036	94.601928711	0.024100009
0.658333361	94.623718262	0.023999991
0.666666687	94.601928711	0.024100009
0.675000012	94.623718262	0.023999991
0.683333397	94.623718262	0.023999991
0.691666722	94.623718262	0.023999991
0.700000048	94.623718262	0.023999991
0.708333373	94.623718262	0.023999991
0.716666698	94.623718262	0.023999991
0.725000024	94.623718262	0.023999991
0.733333349	94.623718262	0.023999991
0.741666734	94.623718262	0.023999991
0.750000060	94.623718262	0.023999991
0.758333385	94.623718262	0.023999991
0.766666710	94.623718262	0.023999991
0.775000036	94.623718262	0.023999991
0.783333361	94.623718262	0.023999991
0.791666687	94.623718262	0.023999991
0.800000072	94.623718262	0.023999991
0.808333397	94.623718262	0.023999991
0.816666722	94.623718262	0.023999991
0.825000048	94.623718262	0.023999991
0.833333373	94.623718262	0.023999991
0.841666698	94.623718262	0.023999991
0.850000024	94.623718262	0.023999991
0.858333349	94.623718262	0.023999991
0.866666734	94.623718262	0.023999991
0.875000060	94.623718262	0.023999991
0.883333385	94.623718262	0.023999991
0.891666710	94.623718262	0.023999991
0.900000036	94.623718262	0.023999991
0.908333361	94.623718262	0.023999991
0.916666687	94.623718262	0.023999991
0.925000072	94.623718262	0.023999991
0.933333397	94.623718262	0.023999991
0.941666722	94.623718262	0.023999991
0.950000048	94.623718262	0.023999991
0.958333373	94.623718262	0.023999991
0.966666698	94.623718262	0.023999991
0.975000024	94.623718262	0.023999991
0.983333409	94.623718262	0.023999991
0.991666734	94.623718262	0.023999991
1.000000000	94.623718262	0.023999991
1.008333445	94.623718262	0.023999991
1.016666770	94.623718262	0.023999991
1.025000095	94.623718262	0.023999991
1.033333421	94.623718262	0.023999991
1.041666746	94.623718262	0.023999991
1.050000072	94.645507813	0.023899995
1.058333397	94.645507813	0.023899995
1.066666722	94.645507813	0.023899995
1.075000048	94.645507813	0.023899995
1.083333373	94.667304993	0.023799986
1.091666698	94.667304993	0.023799986
1.100000024	94.645507813	0.023899995
1.108333349	94.689102173	0.023700001
1.116666675	94.667304993	0.023799986
1.125000000	94.623718262	0.023999991
1.133333445	94.645507813	0.023899995
1.141666770	94.601928711	0.024100009
1.150000095	94.623718262	0.023999991
1.158333421	94.601928711	0.024100009
1.166666746	94.558372498	0.024300011
1.175000072	94.623718262	0.023999991
1.183333397	94.536605835	0.024399994
1.191666722	94.558372498	0.024300011
1.200000048	94.536605835	0.024399994
1.208333373	94.471321106	0.024700012
1.216666698	94.536605835	0.024399994
1.225000024	94.471321106	0.024700012
1.233333349	94.427825928	0.024900010
1.241666675	94.471321106	0.024700012
1.250000119	94.406089783	0.024999989
1.258333445	94.427825928	0.024900010
1.266666770	94.406089783	0.024999989
1.275000095	94.319175720	0.025400003
1.283333421	94.384353638	0.025099995
1.291666746	94.319175720	0.025400003
1.300000072	94.254043579	0.025700008
1.308333397	94.297462463	0.025499994
1.316666722	94.232345581	0.025799999
1.325000048	94.232345581	0.025799999
1.333333373	94.188957214	0.026000012
1.341666698	94.123916626	0.026300009
1.350000024	94.167274475	0.026099999
1.358333349	94.102249146	0.026399996
1.366666794	94.080581665	0.026500005
1.375000119	94.080581665	0.026500005
1.383333445	94.015617371	0.026799997
1.391666770	94.015617371	0.026799997
1.400000095	94.015617371	0.026799997
1.408333421	93.950698853	0.027099986
1.416666746	93.950698853	0.027099986
1.425000072	93.907440186	0.027299998
1.433333397	93.864204407	0.027499996
1.441666722	93.885818481	0.027400004
1.450000048	93.820983887	0.027700016
1.458333373	93.799385071	0.027800009
1.466666698	93.799385071	0.027800009
1.475000024	93.734611511	0.028100016
1.483333468	93.756202698	0.027999992
1.491666794	93.691459656	0.028299995
1.500000119	93.669891357	0.028399983
1.508333445	93.691459656	0.028299995
1.516666770	93.626762390	0.028599994
1.525000095	93.626762390	0.028599994
1.533333421	93.605201721	0.028700016
1.541666746	93.540565491	0.029000008
1.550000072	93.583656311	0.028799990
1.558333397	93.540565491	0.029000008
1.566666722	93.497497559	0.029200012
1.575000048	93.519027710	0.029100018
1.583333373	93.475975037	0.029299997
1.591666698	93.432937622	0.029499996
1.600000143	93.411422729	0.029600013
1.608333468	93.346923828	0.029899990
1.616666794	93.346923828	0.029899990
1.625000119	93.303947449	0.030099982
1.633333445	93.260986328	0.030299995
1.641666770	93.260986328	0.030299995
1.650000095	93.196586609	0.030599995
1.658333421	93.175125122	0.030700015
1.666666746	93.132232666	0.030899985
1.675000072	93.067916870	0.031200007
1.683333397	93.046493530	0.031299990
1.691666722	93.003654480	0.031499986
1.700000048	92.939430237	0.031799994
1.708333373	92.896636963	0.032000009
1.716666698	92.832489014	0.032300007
1.725000143	92.747024536	0.032700013
1.733333468	92.682983398	0.032999996
1.741666794	92.597656250	0.033400007
1.750000119	92.533714294	0.033700004
1.758333445	92.427246094	0.034199987
1.766666770	92.342155457	0.034599993
1.775000095	92.235900879	0.035100006
1.783333421	92.129776001	0.035599984
1.791666746	92.002578735	0.036199998
1.800000072	91.875556946	0.036800016
1.808333397	91.727592468	0.037500005
1.816666722	91.558776855	0.038300019
1.825000048	91.390281677	0.039099984
1.833333373	91.243095398	0.039799988
1.841666818	91.033241272	0.040799994
1.850000143	90.802955627	0.041900016
1.858333468	90.552406311	0.043100003
1.866666794	90.281753540	0.044400014
1.875000119	89.991188049	0.045800015
1.883333445	89.660263062	0.047399990
1.891666770	89.309982300	0.049099997
1.900000095	88.940589905	0.050899994
1.908333421	88.511558533	0.053000011
1.916666746	88.064323425	0.055199996
1.925000072	87.599174500	0.057499986
1.933333397	87.016174316	0.060400013
1.941666722	86.437065125	0.063299991
1.950000048	85.822273254	0.066399984
1.958333492	85.035446167	0.070400007
1.966666818	84.294647217	0.074200004
1.975000143	83.464157104	0.078499988
1.983333468	82.413810730	0.084000006
1.991666794	81.395423889	0.089400008
2.000000000	80.278640747	0.095399991
2.008333445	78.867851257	0.103099994
2.016666889	77.446182251	0.110999987
2.025000095	75.945144653	0.119499989
2.033333540	74.096893311	0.130199999
2.041666746	72.127349854	0.141900018
2.050000191	70.145530701	0.153999999
2.058333397	67.920364380	0.167999998
2.066666842	65.222885132	0.185599998
2.075000048	62.517269135	0.203999996
2.083333492	59.786067963	0.223400012
2.091666698	56.793678284	0.245700002
2.100000143	53.518016815	0.271499991
2.108333349	50.153358459	0.299699992
2.116666794	46.773513794	0.330000013
2.125000000	43.391033173	0.362599999
2.133333445	40.077442169	0.397100002
2.141666889	36.753608704	0.434700012
2.150000095	33.481121063	0.475199997
2.158333540	30.345899582	0.517899990
2.166666746	27.283493042	0.564100027
2.175000191	24.383720398	0.612900019
2.183333397	21.732017517	0.662899971
2.191666842	19.324131012	0.713900030
2.200000048	17.159317017	0.765500009
2.208333492	15.219486237	0.817600012
2.216666698	13.415287971	0.872399986
2.225000143	11.841317177	0.926599979
2.233333349	10.505094528	0.978600025
2.241666794	9.287526131	1.032099962
2.250000000	8.269895554	1.082499981
2.258333445	7.389244080	1.131399989
2.266666889	6.634374619	1.178200006
2.275000095	5.981361389	1.223199964
2.283333540	5.433754921	1.264899969
2.291666746	4.959067345	1.304600000
2.300000191	4.554073811	1.341599941
2.308333397	4.214052677	1.375300050
2.316666842	3.919222832	1.406800032
2.325000048	3.668596745	1.435500026
2.333333492	3.467368126	1.460000038
2.341666698	3.290030956	1.482800007
2.350000143	3.136173010	1.503600001
2.358333349	3.010925770	1.521299958
2.366666794	2.908707619	1.536299944
2.375000238	2.809312582	1.551399946
2.383333445	2.732121229	1.563500047
2.391666889	2.674237490	1.572800040
2.400000095	2.613966227	1.582700014
2.408333540	2.563303471	1.591199994
2.416666746	2.525806189	1.597599983
2.425000191	2.489430666	1.603899956
2.433333397	2.451319933	1.610599995
2.441666842	2.426609993	1.615000010
2.450000048	2.399385452	1.619899988
2.458333492	2.375199080	1.624300003
2.466666698	2.356676817	1.627699971
2.475000143	2.340453386	1.630699992
2.483333349	2.325412512	1.633499980
2.491666794	2.311532259	1.636100054
2.500000238	2.299852848	1.638299942
2.508333445	2.292450428	1.639700055
2.516666889	2.276669741	1.642699957
2.525000095	2.267252922	1.644500017
2.533333540	2.256316423	1.646600008
2.541666746	2.244915485	1.648800015
2.550000191	2.239236832	1.649899960
2.558333397	2.228435516	1.651999950
2.566666842	2.219729185	1.653699994
2.575000048	2.214113712	1.654800057
2.583333492	2.204956293	1.656599998
2.591666698	2.197860003	1.657999992
2.600000143	2.191795588	1.659199953
2.608333588	2.186754465	1.660200000
2.616666794	2.176206112	1.662299991
2.625000238	2.174703121	1.662600040
2.633333445	2.175203800	1.662500024
2.641666889	2.176206112	1.662299991
2.650000095	2.171200752	1.663300037
2.658333540	2.169202089	1.663699985
2.666666746	2.173702240	1.662799954
2.675000191	2.160229921	1.665500045
2.683333397	2.163216829	1.664899945
2.691666842	2.153277397	1.666900039
2.700000048	2.149809361	1.667600036
2.708333492	2.155261755	1.666499972
2.716666698	2.142396927	1.669100046
2.725000143	2.144865274	1.668599963
2.733333588	2.142396927	1.669100046
2.741666794	2.143877745	1.668799996
2.750000238	2.134519100	1.670699954
2.758333445	2.134027481	1.670799971
2.766666889	2.132062674	1.671200037
2.775000095	2.126669645	1.672299981
2.783333540	2.123244524	1.672999978
2.791666746	2.113002539	1.675099969
2.800000191	2.108142614	1.676100016
2.808333397	2.104747534	1.676800013
2.816666842	2.105232239	1.676699996
2.825000048	2.102810144	1.677199960
2.833333492	2.099423409	1.677899957
2.841666698	2.098939896	1.677999973
2.850000143	2.094594717	1.678900003
2.858333588	2.093147993	1.679200053
2.866666794	2.089776993	1.679900050
2.875000238	2.088334322	1.680199981
2.883333445	2.085931540	1.680699944
2.891666889	2.083531141	1.681200027
2.900000095	2.080175400	1.681900024
2.908333540	2.070141315	1.684000015
2.916666746	2.071572065	1.683699965
2.925000191	2.078739405	1.682199955
2.933333397	2.074435949	1.683099985
2.941666842	2.071572065	1.683699965
2.950000048	2.071094990	1.683799982
2.958333492	2.072049141	1.683599949
2.966666937	2.071572065	1.683699965
2.975000143	2.071094990	1.683799982
2.983333588	2.067759514	1.684499979
2.991666794	2.070141315	1.684000015
3.000000238	2.065855503	1.684900045
3.008333445	2.063003540	1.685500026
3.016666889	2.064904928	1.685099959
3.025000095	2.063953876	1.685299993
3.033333540	2.063003540	1.685500026
3.041666746	2.062528610	1.685600042
3.050000191	2.055890322	1.687000036
3.058333397	2.060155392	1.686100006
3.066666842	2.060155392	1.686100006
3.075000048	2.063003540	1.685500026
3.083333492	2.063003540	1.685500026
3.091666937	2.063003540	1.685500026
3.100000143	2.061579227	1.685799956
3.108333588	2.068235636	1.684399962
3.116666794	2.071572065	1.683699965
3.125000238	2.073003054	1.683400035
3.133333445	2.063478708	1.685400009
3.141666889	2.059206724	1.686300039
3.150000095	2.061579227	1.685799956
3.158333540	2.054944277	1.687199950
3.166666746	2.043619394	1.689599991
3.175000191	2.044090033	1.689499974
3.183333397	2.040797949	1.690199971
3.191666842	2.034698486	1.691499949
3.200000286	2.017901897	1.695099950
3.208333492	2.024883032	1.693600059
3.216666937	2.020226240	1.694599986
3.225000143	2.019761086	1.694700003
3.233333588	2.012333632	1.696300030
3.241666794	2.003087759	1.698300004
3.250000238	1.992507577	1.700600028
3.258333445	1.997100949	1.699599981
3.266666889	1.988840461	1.701400042
3.275000095	1.979702711	1.703400016
3.283333540	1.979702711	1.703400016
3.291666746	1.976059318	1.704200029
3.300000191	1.973785758	1.704699993
3.308333397	1.976514459	1.704100013
3.316666842	1.972422600	1.705000043
3.325000286	1.971060872	1.705299973
3.333333492	1.970153213	1.705500007
3.341666937	1.971060872	1.705299973
3.350000143	1.965169668	1.706599951
3.358333588	1.961552978	1.707399964
3.366666794	1.959295511	1.707900047
3.375000238	1.961552978	1.707399964
3.383333445	1.962456107	1.707200050
3.391666889	1.955690145	1.708699942
3.400000095	1.955239892	1.708799958
3.408333540	1.954339504	1.708999991
3.416666746	1.955239892	1.708799958
3.425000191	1.956590652	1.708500028
3.433333397	1.953439593	1.709200025
3.441666842	1.948947072	1.710199952
3.450000286	1.946255922	1.710800052
3.458333492	1.947152615	1.710600019
3.466666937	1.946704149	1.710700035
3.475000143	1.946255922	1.710800052
3.483333588	1.942674518	1.711599946
3.491666794	1.943121433	1.711500049
3.500000238	1.947152615	1.710600019
3.508333445	1.932858467	1.713799953
3.516666889	1.930634022	1.714300036
3.525000095	1.930189490	1.714400053
3.533333540	1.936421752	1.713000059
3.541666746	1.938206315	1.712599993
3.550000191	1.935530543	1.713199973
3.558333635	1.934639215	1.713400006
3.566666842	1.936421752	1.713000059
3.575000286	1.952090979	1.709499955
3.583333492	1.943569064	1.711400032
3.591666937	1.942227244	1.711699963
3.600000143	1.947601080	1.710500002
3.608333588	1.940885782	1.712000012
3.616666794	1.943569064	1.711400032
3.625000238	1.937759995	1.712700009
3.633333445	1.923977375	1.715800047
3.641666889	1.921763659	1.716300011
3.650000095	1.922206402	1.716199994
3.658333540	1.927968740	1.714900017
3.666666746	1.930189490	1.714400053
3.675000191	1.930189490	1.714400053
3.683333635	1.930189490	1.714400053
3.691666842	1.928412795	1.714800000
3.700000286	1.928412795	1.714800000
3.708333492	1.927968740	1.714900017
3.716666937	1.928856969	1.714699984
3.725000143	1.928412795	1.714800000
3.733333588	1.926637650	1.715199947
3.741666794	1.927524805	1.715000033
3.750000238	1.925307035	1.715499997
3.758333445	1.925307035	1.715499997
3.766666889	1.924863696	1.715600014
3.775000095	1.922649026	1.716099977
3.783333540	1.921763659	1.716300011
3.791666746	1.921321154	1.716400027
3.800000191	1.920436978	1.716599941
3.808333635	1.920436978	1.716599941
3.816666842	1.919552684	1.716799974
3.825000286	1.919110656	1.716899991
3.833333492	1.919110656	1.716899991
3.841666937	1.917343616	1.717300057
3.850000143	1.916902542	1.717399955
3.858333588	1.917343616	1.717300057
3.866666794	1.915578723	1.717700005
3.875000238	1.916019917	1.717599988
3.883333445	1.915137529	1.717800021
3.891666889	1.914696574	1.717900038
3.900000095	1.913815379	1.718099952
3.908333540	1.915137529	1.717800021
3.916666985	1.913815379	1.718099952
3.925000191	1.913815379	1.718099952
3.933333635	1.913815379	1.718099952
3.941666842	1.913815379	1.718099952
3.950000286	1.912934184	1.718299985
3.958333492	1.912493587	1.718400002
3.966666937	1.912053227	1.718500018
3.975000143	1.911612988	1.718600035
3.983333588	1.911612988	1.718600035
3.991666794	1.910293221	1.718899965
4.000000000	1.909413576	1.719099998
4.008333683	1.908973932	1.719200015
4.016666889	1.909853339	1.718999982
4.025000095	1.909413576	1.719099998
4.033333778	1.909413576	1.719099998
4.041666985	1.908973932	1.719200015
4.050000191	1.908094764	1.719400048
4.058333397	1.908094764	1.719400048
4.066667080	1.906777501	1.719699979
4.075000286	1.907655954	1.719499946
4.083333492	1.907216668	1.719599962
4.091666698	1.907216668	1.719599962
4.100000381	1.907216668	1.719599962
4.108333588	1.906338453	1.719799995
4.116666794	1.905899405	1.719900012
4.125000000	1.904583693	1.720199943
4.133333683	1.905021787	1.720100045
4.141666889	1.904583693	1.720199943
4.150000095	1.904583693	1.720199943
4.158333778	1.904145122	1.720299959
4.166666985	1.902391791	1.720700026
4.175000191	1.902391791	1.720700026
4.183333397	1.902830005	1.720600009
4.191667080	1.902830005	1.720600009
4.200000286	1.902391791	1.720700026
4.208333492	1.901953816	1.720800042
4.216666698	1.901953816	1.720800042
4.225000381	1.901515841	1.720900059
4.233333588	1.901078463	1.720999956
4.241666794	1.901078463	1.720999956
4.250000000	1.901515841	1.720900059
4.258333683	1.900640726	1.721099973
4.266666889	1.900203109	1.721199989
4.275000095	1.900203109	1.721199989
4.283333778	1.900640726	1.721099973
4.291666985	1.901078463	1.720999956
4.300000191	1.900203109	1.721199989
4.308333397	1.899765491	1.721300006
4.316667080	1.899765491	1.721300006
4.325000286	1.898890615	1.721500039
4.333333492	1.898016810	1.721699953
4.341666698	1.898890615	1.721500039
4.350000381	1.897142768	1.721899986
4.358333588	1.898453355	1.721600056
4.366666794	1.898016810	1.721699953
4.375000000	1.897579670	1.721799970
4.383333683	1.898016810	1.721699953
4.391666889	1.896705866	1.722000003
4.400000095	1.897142768	1.721899986
4.408333778	1.897142768	1.721899986
4.416666985	1.896705866	1.722000003
4.425000191	1.896269202	1.722100019
4.433333397	1.895832539	1.722200036
4.441667080	1.895395994	1.722300053
4.450000286	1.896269202	1.722100019
4.458333492	1.895395994	1.722300053
4.466666698	1.895832539	1.722200036
4.475000381	1.894960046	1.722399950
4.483333588	1.895395994	1.722300053
4.491666794	1.895395994	1.722300053
4.500000000	1.894523621	1.722499967
4.508333683	1.894087434	1.722599983
4.516666889	1.894523621	1.722499967
4.525000095	1.893215179	1.722800016
4.533333778	1.893215179	1.722800016
4.541666985	1.894087434	1.722599983
4.550000191	1.893651247	1.722700000
4.558333397	1.893651247	1.722700000
4.566667080	1.893215179	1.722800016
4.575000286	1.892779231	1.722900033
4.583333492	1.893651247	1.722700000
4.591666698	1.892779231	1.722900033
4.600000381	1.891908169	1.723099947
4.608333588	1.891472578	1.723199964
4.616666794	1.891908169	1.723099947
4.625000477	1.890601516	1.723399997
4.633333683	1.891036987	1.723299980
4.641666889	1.891036987	1.723299980
4.650000095	1.889730930	1.723600030
4.658333778	1.889730930	1.723600030
4.666666985	1.888861299	1.723799944
4.675000191	1.889730930	1.723600030
4.683333397	1.890601516	1.723399997
4.691667080	1.890166163	1.723500013
4.700000286	1.890166163	1.723500013
4.708333492	1.890166163	1.723500013
4.716666698	1.889295816	1.723700047
4.725000381	1.888861299	1.723799944
4.733333588	1.888861299	1.723799944
4.741666794	1.890166163	1.723500013
4.750000477	1.889295816	1.723700047
4.758333683	1.888426304	1.723899961
4.766666889	1.888861299	1.723799944
4.775000095	1.887991428	1.723999977
4.783333778	1.888426304	1.723899961
4.791666985	1.886687517	1.724300027
4.800000191	1.888861299	1.723799944
4.808333397	1.887556672	1.724099994
4.816667080	1.888426304	1.723899961
4.825000286	1.887122035	1.724200010
4.833333492	1.886687517	1.724300027
4.841666698	1.885819197	1.724499941
4.850000381	1.885385036	1.724599957
4.858333588	1.885819197	1.724499941
4.866666794	1.885385036	1.724599957
4.875000477	1.884950876	1.724699974
4.883333683	1.884516835	1.724799991
4.891666889	1.884082794	1.724900007
4.900000095	1.884516835	1.724799991
4.908333778	1.884082794	1.724900007
4.916666985	1.894087434	1.722599983
4.925000191	1.889730930	1.723600030
4.933333397	1.885819197	1.724499941
4.941667080	1.884516835	1.724799991
4.950000286	1.877154231	1.726500034
4.958333492	1.878884315	1.726099968
4.966666698	1.894523621	1.722499967
4.975000381	1.889295816	1.723700047
4.983333588	1.881048560	1.725600004
4.991666794	1.882781625	1.725200057
5.000000477	1.884082794	1.724900007
5.008333683	1.896705866	1.722000003
5.016666889	1.883648992	1.725000024
5.025000095	1.878884315	1.726099968
5.033333778	1.887991428	1.723999977
5.041666985	1.886687517	1.724300027
5.050000191	1.879749417	1.725900054
5.058333397	1.894523621	1.722499967
5.066667080	1.878884315	1.726099968
5.075000286	1.880182266	1.725800037
5.083333492	1.872837305	1.727499962
5.091666698	1.877586603	1.726400018
5.100000381	1.885819197	1.724499941
5.108333588	1.874994516	1.726999998
5.116666794	1.877586603	1.726400018
5.125000477	1.898016810	1.721699953
5.133333683	1.881048560	1.725600004
5.141666889	1.880182266	1.725800037
5.150000095	1.880615354	1.725700021
5.158333778	1.880615354	1.725700021
5.166666985	1.879749417	1.725900054
5.175000191	1.879749417	1.725900054
5.183333397	1.880182266	1.725800037
5.191667080	1.881048560	1.725600004
5.200000286	1.879749417	1.725900054
5.208333492	1.879317045	1.725999951
5.216667175	1.878884315	1.726099968
5.225000381	1.878884315	1.726099968
5.233333588	1.878451586	1.726199985
5.241666794	1.878451586	1.726199985
5.250000477	1.871543765	1.727800012
5.258333683	1.866379857	1.728999972
5.266666889	1.894523621	1.722499967
5.275000095	1.890166163	1.723500013
5.283333778	1.878884315	1.726099968
5.291666985	1.870682001	1.728000045
5.300000191	1.871112823	1.727900028
5.308333397	1.870251656	1.728099942
5.316667080	1.870251656	1.728099942
5.325000286	1.870251656	1.728099942
5.333333492	1.871112823	1.727900028
5.341667175	1.870251656	1.728099942
5.350000381	1.870251656	1.728099942
5.358333588	1.874131083	1.727200031
5.366666794	1.873268604	1.727399945
5.375000477	1.874562740	1.727100015
5.383333683	1.873699546	1.727300048
5.391666889	1.872837305	1.727499962
5.400000095	1.871112823	1.727900028
5.408333778	1.872837305	1.727499962
5.416666985	1.871112823	1.727900028
5.425000191	1.871543765	1.727800012
5.433333397	1.872406006	1.727599978
5.441667080	1.871974826	1.727699995
5.450000286	1.872406006	1.727599978
5.458333492	1.872406006	1.727599978
5.466667175	1.871543765	1.727800012
5.475000381	1.871974826	1.727699995
5.483333588	1.871112823	1.727900028
5.491666794	1.872837305	1.727499962
5.500000477	1.871543765	1.727800012
5.508333683	1.871543765	1.727800012
5.516666889	1.870682001	1.728000045
5.525000095	1.870682001	1.728000045
5.533333778	1.870682001	1.728000045
5.541666985	1.870251656	1.728099942
5.550000191	1.870682001	1.728000045
5.558333397	1.869821072	1.728199959
5.566667080	1.869390488	1.728299975
5.575000286	1.870682001	1.728000045
5.583333492	1.870682001	1.728000045
5.591667175	1.871112823	1.727900028
5.600000381	1.870682001	1.728000045
5.608333588	1.869821072	1.728199959
5.616666794	1.869821072	1.728199959
5.625000477	1.868529677	1.728500009
5.633333683	1.868529677	1.728500009
5.641666889	1.868099332	1.728600025
5.650000095	1.869821072	1.728199959
5.658333778	1.868529677	1.728500009
5.666666985	1.868099332	1.728600025
5.675000191	1.868529677	1.728500009
5.683333397	1.869390488	1.728299975
5.691667080	1.870251656	1.728099942
5.700000286	1.870251656	1.728099942
5.708333492	1.868099332	1.728600025
5.716667175	1.868529677	1.728500009
5.725000381	1.867239118	1.728800058
5.733333588	1.865949988	1.729099989
5.741666794	1.866809726	1.728899956
5.750000477	1.865520358	1.729200006
5.758333683	1.866809726	1.728899956
5.766666889	1.866379857	1.728999972
5.775000095	1.866379857	1.728999972
5.783333778	1.865520358	1.729200006
5.791666985	1.865090847	1.729300022
5.800000191	1.866379857	1.728999972
5.808333874	1.865090847	1.729300022
5.816667080	1.864231944	1.729500055
5.825000286	1.865520358	1.729200006
5.833333492	1.866379857	1.728999972
5.841667175	1.866809726	1.728899956
5.850000381	1.864661336	1.729400039
5.858333588	1.866379857	1.728999972
5.866666794	1.865090847	1.729300022
5.875000477	1.865949988	1.729099989
5.883333683	1.866809726	1.728899956
5.891666889	1.865520358	1.729200006
5.900000095	1.865520358	1.729200006
5.908333778	1.867669225	1.728700042
5.916666985	1.865520358	1.729200006
5.925000191	1.863373995	1.729699969
5.933333874	1.860801458	1.730299950
5.941667080	1.859944582	1.730499983
5.950000286	1.862515926	1.729900002
5.958333492	1.858232021	1.730900049
5.966667175	1.864231944	1.729500055
5.975000381	1.858232021	1.730900049
5.983333588	1.870682001	1.728000045
5.991666794	1.868529677	1.728500009
6.000000477	1.874131083	1.727200031
6.008333683	1.872837305	1.727499962
6.016666889	1.864661336	1.729400039
6.025000095	1.868960023	1.728399992
6.033333778	1.883215189	1.725100040
6.041666985	1.858232021	1.730900049
6.050000191	1.857804656	1.730999947
6.058333874	1.858232021	1.730900049
6.066667080	1.872406006	1.727599978
6.075000286	1.870682001	1.728000045
6.083333492	1.871543765	1.727800012
6.091667175	1.870251656	1.728099942
6.100000381	1.879749417	1.725900054
6.108333588	1.876721978	1.726600051
6.116666794	1.874994516	1.726999998
6.125000477	1.874131083	1.727200031
6.133333683	1.879317045	1.725999951
6.141666889	1.870682001	1.728000045
6.150000095	1.870251656	1.728099942
6.158333778	1.881481767	1.725499988
6.166666985	1.867239118	1.728800058
6.175000191	1.865090847	1.729300022
6.183333874	1.858232021	1.730900049
6.191667080	1.868529677	1.728500009
6.200000286	1.867669225	1.728700042
6.208333492	1.869390488	1.728299975
6.216667175	1.865949988	1.729099989
6.225000381	1.867669225	1.728700042
6.233333588	1.868529677	1.728500009
6.241666794	1.865949988	1.729099989
6.250000477	1.864661336	1.729400039
6.258333683	1.864231944	1.729500055
6.266666889	1.864661336	1.729400039
6.275000095	1.864231944	1.729500055
6.283333778	1.864661336	1.729400039
6.291666985	1.864231944	1.729500055
6.300000191	1.864661336	1.729400039
6.308333874	1.864661336	1.729400039
6.316667080	1.864231944	1.729500055
6.325000286	1.864231944	1.729500055
6.333333492	1.864231944	1.729500055
6.341667175	1.864231944	1.729500055
6.350000381	1.863803148	1.729599953
6.358333588	1.865520358	1.729200006
6.366666794	1.864661336	1.729400039
6.375000477	1.863373995	1.729699969
6.383333683	1.862515926	1.729900002
6.391666889	1.863373995	1.729699969
6.400000572	1.864231944	1.729500055
6.408333778	1.864231944	1.729500055
6.416666985	1.864231944	1.729500055
6.425000191	1.866379857	1.728999972
6.433333874	1.863373995	1.729699969
6.441667080	1.864231944	1.729500055
6.450000286	1.863373995	1.729699969
6.458333492	1.865520358	1.729200006
6.466667175	1.862515926	1.729900002
6.475000381	1.862944961	1.729799986
6.483333588	1.862087011	1.730000019
6.491666794	1.865520358	1.729200006
6.500000477	1.862515926	1.729900002
6.508333683	1.862515926	1.729900002
6.516666889	1.862087011	1.730000019
6.525000572	1.862944961	1.729799986
6.533333778	1.860801458	1.730299950
6.541666985	1.863373995	1.729699969
6.550000191	1.862515926	1.729900002
6.558333874	1.865520358	1.729200006
6.566667080	1.861229539	1.730200052
6.575000286	1.861229539	1.730200052
6.583333492	1.859088182	1.730700016
6.591667175	1.860801458	1.730299950
6.600000381	1.856094122	1.731400013
6.608333588	1.869390488	1.728299975
6.616666794	1.859516382	1.730599999
6.625000477	1.859944582	1.730499983
6.633333683	1.862087011	1.730000019
6.641666889	1.862087011	1.730000019
6.650000572	1.861658216	1.730100036
6.658333778	1.878884315	1.726099968
6.666666985	1.860801458	1.730299950
6.675000191	1.866379857	1.728999972
6.683333874	1.861229539	1.730200052
6.691667080	1.857804656	1.730999947
6.700000286	1.860373020	1.730399966
6.708333492	1.880182266	1.725800037
6.716667175	1.862087011	1.730000019
6.725000381	1.856949210	1.731199980
6.733333588	1.863803148	1.729599953
6.741666794	1.867239118	1.728800058
6.750000477	1.870251656	1.728099942
6.758333683	1.862515926	1.729900002
6.766666889	1.860373020	1.730399966
6.775000572	1.866379857	1.728999972
6.783333778	1.868529677	1.728500009
6.791666985	1.865949988	1.729099989
6.800000191	1.862944961	1.729799986
6.808333874	1.862515926	1.729900002
6.816667080	1.857804656	1.730999947
6.825000286	1.859944582	1.730499983
6.833333492	1.861229539	1.730200052
6.841667175	1.856094122	1.731400013
6.850000381	1.857376933	1.731099963
6.858333588	1.861658216	1.730100036
6.866666794	1.858232021	1.730900049
6.875000477	1.859516382	1.730599999
6.883333683	1.861229539	1.730200052
6.891666889	1.864231944	1.729500055
6.900000572	1.858232021	1.730900049
6.908333778	1.858660102	1.730800033
6.916666985	1.858232021	1.730900049
6.925000191	1.858660102	1.730800033
6.933333874	1.858660102	1.730800033
6.941667080	1.858232021	1.730900049
6.950000286	1.858660102	1.730800033
6.958333492	1.858232021	1.730900049
6.966667175	1.859516382	1.730599999
6.975000381	1.858232021	1.730900049
6.983333588	1.858232021	1.730900049
6.991666794	1.859088182	1.730700016
7.000000477	1.857376933	1.731099963
7.008333683	1.858232021	1.730900049
7.016666889	1.858660102	1.730800033
7.025000572	1.857804656	1.730999947
7.033333778	1.858232021	1.730900049
7.041666985	1.858232021	1.730900049
7.050000191	1.859516382	1.730599999
7.058333874	1.862515926	1.729900002
7.066667080	1.860801458	1.730299950
7.075000286	1.858660102	1.730800033
7.083333492	1.858232021	1.730900049
7.091667175	1.858660102	1.730800033
7.100000381	1.857804656	1.730999947
7.108333588	1.868529677	1.728500009
7.116667271	1.858232021	1.730900049
7.125000477	1.858660102	1.730800033
7.133333683	1.859944582	1.730499983
7.141666889	1.857804656	1.730999947
7.150000572	1.859088182	1.730700016
7.158333778	1.858232021	1.730900049
7.166666985	1.857804656	1.730999947
7.175000191	1.859088182	1.730700016
7.183333874	1.853958607	1.731899977
7.191667080	1.857804656	1.730999947
7.200000286	1.858232021	1.730900049
7.208333492	1.857804656	1.730999947
7.216667175	1.857376933	1.731099963
7.225000381	1.859516382	1.730599999
7.233333588	1.855666637	1.731500030
7.241667271	1.859088182	1.730700016
7.250000477	1.856949210	1.731199980
7.258333683	1.860801458	1.730299950
7.266666889	1.859088182	1.730700016
7.275000572	1.858232021	1.730900049
7.283333778	1.859516382	1.730599999
7.291666985	1.858232021	1.730900049
7.300000191	1.858232021	1.730900049
7.308333874	1.864231944	1.729500055
7.316667080	1.858232021	1.730900049
7.325000286	1.864231944	1.729500055
7.333333492	1.856949210	1.731199980
7.341667175	1.857804656	1.730999947
7.350000381	1.857376933	1.731099963
7.358333588	1.857376933	1.731099963
7.366667271	1.865090847	1.729300022
7.375000477	1.859516382	1.730599999
7.383333683	1.859516382	1.730599999
7.391666889	1.862944961	1.729799986
7.400000572	1.866379857	1.728999972
7.408333778	1.858660102	1.730800033
7.416666985	1.854812622	1.731699944
7.425000191	1.857376933	1.731099963
7.433333874	1.856521606	1.731299996
7.441667080	1.856521606	1.731299996
7.450000286	1.863373995	1.729699969
7.458333492	1.859516382	1.730599999
7.466667175	1.860373020	1.730399966
7.475000381	1.855239391	1.731600046
7.483333588	1.855666637	1.731500030
7.491667271	1.858660102	1.730800033
7.500000477	1.856521606	1.731299996
7.508333683	1.856949210	1.731199980
7.516666889	1.855666637	1.731500030
7.525000572	1.855666637	1.731500030
7.533333778	1.855666637	1.731500030
7.541666985	1.856094122	1.731400013
7.550000191	1.856521606	1.731299996
7.558333874	1.856521606	1.731299996
7.566667080	1.855666637	1.731500030
7.575000286	1.856094122	1.731400013
7.583333492	1.856521606	1.731299996
7.591667175	1.856949210	1.731199980
7.600000381	1.856521606	1.731299996
7.608333588	1.857804656	1.730999947
7.616667271	1.855239391	1.731600046
7.625000477	1.861229539	1.730200052
7.633333683	1.856094122	1.731400013
7.641666889	1.854812622	1.731699944
7.650000572	1.856521606	1.731299996
7.658333778	1.856094122	1.731400013
7.666666985	1.854385614	1.731799960
7.675000191	1.854385614	1.731799960
7.683333874	1.855666637	1.731500030
7.691667080	1.855239391	1.731600046
7.700000286	1.855666637	1.731500030
7.708333969	1.855239391	1.731600046
7.716667175	1.856094122	1.731400013
7.725000381	1.854812622	1.731699944
7.733333588	1.856521606	1.731299996
7.741667271	1.855666637	1.731500030
7.750000477	1.855239391	1.731600046
7.758333683	1.854812622	1.731699944
7.766666889	1.854812622	1.731699944
7.775000572	1.854812622	1.731699944
7.783333778	1.854812622	1.731699944
7.791666985	1.854812622	1.731699944
7.800000191	1.853958607	1.731899977
7.808333874	1.853958607	1.731899977
7.816667080	1.854385614	1.731799960
7.825000286	1.853531599	1.731999993
7.833333969	1.853958607	1.731899977
7.841667175	1.854385614	1.731799960
7.850000381	1.853531599	1.731999993
7.858333588	1.853958607	1.731899977
7.866667271	1.853531599	1.731999993
7.875000477	1.853958607	1.731899977
7.883333683	1.853104830	1.732100010
7.891666889	1.852678180	1.732200027
7.900000572	1.854812622	1.731699944
7.908333778	1.853531599	1.731999993
7.916666985	1.853958607	1.731899977
7.925000191	1.852678180	1.732200027
7.933333874	1.853958607	1.731899977
7.941667080	1.853958607	1.731899977
7.950000286	1.854385614	1.731799960
7.958333969	1.854385614	1.731799960
7.966667175	1.853531599	1.731999993
7.975000381	1.853531599	1.731999993
7.983333588	1.853104830	1.732100010
7.991667271	1.853958607	1.731899977
8.000000000	1.853958607	1.731899977
8.008334160	1.853958607	1.731899977
8.016667366	1.854812622	1.731699944
8.025000572	1.853531599	1.731999993
8.033333778	1.854812622	1.731699944
8.041666985	1.853531599	1.731999993
8.050000191	1.852678180	1.732200027
8.058333397	1.855666637	1.731500030
8.066667557	1.855239391	1.731600046
8.075000763	1.853958607	1.731899977
8.083333969	1.853531599	1.731999993
8.091667175	1.854385614	1.731799960
8.100000381	1.855239391	1.731600046
8.108333588	1.853531599	1.731999993
8.116666794	1.854385614	1.731799960
8.125000000	1.856094122	1.731400013
8.133334160	1.853958607	1.731899977
8.141667366	1.855239391	1.731600046
8.150000572	1.853531599	1.731999993
8.158333778	1.853958607	1.731899977
8.166666985	1.865520358	1.729200006
8.175000191	1.854385614	1.731799960
8.183333397	1.856949210	1.731199980
8.191667557	1.856094122	1.731400013
8.200000763	1.854385614	1.731799960
8.208333969	1.855666637	1.731500030
8.216667175	1.857804656	1.730999947
8.225000381	1.854812622	1.731699944
8.233333588	1.854385614	1.731799960
8.241666794	1.853104830	1.732100010
8.250000000	1.854385614	1.731799960
8.258334160	1.854385614	1.731799960
8.266667366	1.853958607	1.731899977
8.275000572	1.853958607	1.731899977
8.283333778	1.852678180	1.732200027
8.291666985	1.852678180	1.732200027
8.300000191	1.852678180	1.732200027
8.308333397	1.853531599	1.731999993
8.316667557	1.851825476	1.732399940
8.325000763	1.853958607	1.731899977
8.333333969	1.852678180	1.732200027
8.341667175	1.853104830	1.732100010
8.350000381	1.851399064	1.732499957
8.358333588	1.852678180	1.732200027
8.366666794	1.851399064	1.732499957
8.375000000	1.851825476	1.732399940
8.383334160	1.851825476	1.732399940
8.391667366	1.851399064	1.732499957
8.400000572	1.851825476	1.732399940
8.408333778	1.852251530	1.732300043
8.416666985	1.850972772	1.732599974
8.425000191	1.852251530	1.732300043
8.433333397	1.851399064	1.732499957
8.441667557	1.851399064	1.732499957
8.450000763	1.852251530	1.732300043
8.458333969	1.851825476	1.732399940
8.466667175	1.850972772	1.732599974
8.475000381	1.851825476	1.732399940
8.483333588	1.851399064	1.732499957
8.491666794	1.851825476	1.732399940
8.500000000	1.850972772	1.732599974
8.508334160	1.853104830	1.732100010
8.516667366	1.850972772	1.732599974
8.525000572	1.851825476	1.732399940
8.533333778	1.850972772	1.732599974
8.541666985	1.851399064	1.732499957
8.550000191	1.851825476	1.732399940
8.558333397	1.852251530	1.732300043
8.566667557	1.851825476	1.732399940
8.575000763	1.850972772	1.732599974
8.583333969	1.851399064	1.732499957
8.591667175	1.851399064	1.732499957
8.600000381	1.851399064	1.732499957
8.608333588	1.851399064	1.732499957
8.616666794	1.850972772	1.732599974
8.625000000	1.852678180	1.732200027
8.633334160	1.851825476	1.732399940
8.641667366	1.851399064	1.732499957
8.650000572	1.852251530	1.732300043
8.658333778	1.850972772	1.732599974
8.666666985	1.851825476	1.732399940
8.675000191	1.851399064	1.732499957
8.683333397	1.851825476	1.732399940
8.691667557	1.851825476	1.732399940
8.700000763	1.851399064	1.732499957
8.708333969	1.851825476	1.732399940
8.716667175	1.850546479	1.732699990
8.725000381	1.852251530	1.732300043
8.733333588	1.851399064	1.732499957
8.741666794	1.850972772	1.732599974
8.750000000	1.851399064	1.732499957
8.758334160	1.851399064	1.732499957
8.766667366	1.851399064	1.732499957
8.775000572	1.855666637	1.731500030
8.783333778	1.858660102	1.730800033
8.791666985	1.890601516	1.723399997
8.800000191	1.981070995	1.703099966
8.808333397	2.089296341	1.679999948
8.816667557	2.240267992	1.649700046
8.825000763	2.355591536	1.627900004
8.833333969	2.552700996	1.593000054
8.841667175	2.818383217	1.549999952
8.850000381	3.081059217	1.511299968
8.858333588	3.390783072	1.469699979
8.866666794	3.835305452	1.416200042
8.875000000	4.379252434	1.358600020
8.883334160	4.851767540	1.314100027
8.891667366	5.541151524	1.256399989
8.900000572	6.061778069	1.217399955
8.908333778	6.709651470	1.173300028
8.916666985	7.345139503	1.133999944
8.925000191	7.912250996	1.101699948
8.933333397	8.523148537	1.069399953
8.941667557	9.416726112	1.026100039
8.950000763	9.970111847	1.001299977
8.958333969	10.859253883	0.964200020
8.966667175	11.402497292	0.943000019
8.975000381	12.181477547	0.914300025
8.983333588	13.079766273	0.883400023
8.991666794	13.387515068	0.873300016
9.000000000	13.941194534	0.855700016
9.008334160	14.890182495	0.827099979
9.016667366	15.258083344	0.816500008
9.025000572	16.113874435	0.792800009
9.033333778	17.104091644	0.766900003
9.041666985	17.640058517	0.753499985
9.050000191	18.009431839	0.744499981
9.058333397	18.612298965	0.730199993
9.066667557	19.191106796	0.716899991
9.075000763	20.262825012	0.693300009
9.083333969	21.115432739	0.675400019
9.091667175	21.842380524	0.660700023
9.100000381	22.141141891	0.654799998
9.108333588	22.542390823	0.647000015
9.116666794	23.453084946	0.629800022
9.125000000	23.938671112	0.620899975
9.133334160	24.609340668	0.608900011
9.141667366	25.474166870	0.593900025
9.150000572	26.055534363	0.584100008
9.158333778	26.631769180	0.574599981
9.166666985	27.083200455	0.567300022
9.175000191	27.510595322	0.560500026
9.183333397	28.099592209	0.551299989
9.191667557	28.747493744	0.541400015
9.200000763	29.308933258	0.532999992
9.208333969	29.943323135	0.523699999
9.216667175	30.584400177	0.514500022
9.225000381	31.296806335	0.504499972
9.233333588	31.863979340	0.496699989
9.241666794	32.359363556	0.490000039
9.250000954	33.113113403	0.479999989
9.258334160	33.674411774	0.472699970
9.266667366	34.498485565	0.462199956
9.275000572	35.228973389	0.453100026
9.283333778	35.892192841	0.444999993
9.291666985	36.366374969	0.439300001
9.300000191	37.136417389	0.430200011
9.308333397	37.670379639	0.423999995
9.316667557	38.212020874	0.417799979
9.325000763	38.841857910	0.410699993
9.333333969	39.237380981	0.406299978
9.341667175	39.436649323	0.404100001
9.350000381	40.243892670	0.395300031
9.358333588	40.738029480	0.389999986
9.366666794	41.020412445	0.386999965
9.375000954	41.715744019	0.379700005
9.383334160	42.520660400	0.371399999
9.391667366	43.271305084	0.363800019
9.400000572	43.822788239	0.358300000
9.408333778	44.187557220	0.354699999
9.416666985	44.289421082	0.353699982
9.425000191	44.596420288	0.350699991
9.433333397	44.699226379	0.349700004
9.441667557	45.279331207	0.344099998
9.450000763	45.877525330	0.338400006
9.458333969	46.590782166	0.331699997
9.466667175	47.402362823	0.324200004
9.475000381	47.973342896	0.319000006
9.483333588	48.417236328	0.314999998
9.491666794	48.573566437	0.313600004
9.500000954	49.034301758	0.309500009
9.508334160	49.613513947	0.304400027
9.516667366	50.559177399	0.296200007
9.525000572	51.439884186	0.288700014
9.533333778	51.951728821	0.284399986
9.541666985	52.071491241	0.283399999
9.550000191	52.275718689	0.281699985
9.558333397	52.832359314	0.277099997
9.566667557	53.814582825	0.269100010
9.575000763	54.651237488	0.262400001
9.583333969	54.992061615	0.259700000
9.591667175	55.144218445	0.258500010
9.600000381	55.309532166	0.257200003
9.608333588	55.975761414	0.252000004
9.616666794	56.859104156	0.245199993
9.625000954	57.332382202	0.241600007
9.633334160	57.583755493	0.239700019
9.641667366	57.916191101	0.237200007
9.650000572	58.532894135	0.232600003
9.658333778	59.128925323	0.228200018
9.666666985	59.429218292	0.225999981
9.675000191	59.634830475	0.224500015
9.683333397	59.951492310	0.222200006
9.691667557	60.478359222	0.218400002
9.700000763	60.813499451	0.216000006
9.708333969	60.925624847	0.215200007
9.716667175	61.066074371	0.214200005
9.725000381	61.418609619	0.211700022
9.733333588	61.787410736	0.209100008
9.741666794	61.958370209	0.207900017
9.750000954	62.101200104	0.206900001
9.758334160	62.359123230	0.205100000
9.766667366	62.748016357	0.202399999
9.775000572	63.008625031	0.200599998
9.783333778	63.139335632	0.199699998
9.791666985	63.299461365	0.198599979
9.800000191	63.694217682	0.195899993
9.808333397	63.958755493	0.194099993
9.816667557	64.106193542	0.193100005
9.825000763	64.268768311	0.192000017
9.833333969	64.595161438	0.189800009
9.841667175	64.878379822	0.187900007
9.850000381	65.027938843	0.186900005
9.858333588	65.147834778	0.186100021
9.866666794	65.463615417	0.184000015
9.875000954	65.750640869	0.182100013
9.883334160	65.902214050	0.181099996
9.891667366	66.038925171	0.180200011
9.900000572	66.359024048	0.178100005
9.908333778	66.619285583	0.176400036
9.916666985	66.742118835	0.175600007
9.925000191	66.849784851	0.174899980
9.933333397	67.142883301	0.173000008
9.941667557	67.375190735	0.171499997
9.950000763	67.483871460	0.170800015
9.958333969	67.592727661	0.170100033
9.966667175	67.857833862	0.168400005
9.975000381	68.014266968	0.167399973
9.983333588	68.092613220	0.166899994
9.991666794	68.233871460	0.165999994
10.000000954	68.469947815	0.164499998
10.008334160	68.596191406	0.163699999
10.016667366	68.675209045	0.163200006
10.025000572	68.817672729	0.162300020
10.033333778	69.008087158	0.161100015
10.041666985	69.087585449	0.160599992
10.050000191	69.151245117	0.160200000
10.058333397	69.342582703	0.158999979
10.066667557	69.534446716	0.157800004
10.075000763	69.646614075	0.157099992
10.083333969	69.758964539	0.156399980
10.091667175	70.000312805	0.154900014
10.100000381	70.145530701	0.153999999
10.108333588	70.226333618	0.153500006
10.116666794	70.355812073	0.152700022
10.125000954	70.599235535	0.151199996
10.133334160	70.729408264	0.150399968
10.141667366	70.810882568	0.149899989
10.150000572	71.006813049	0.148699984
10.158333778	71.219673157	0.147400022
10.166666985	71.301719666	0.146899998
10.175000191	71.400291443	0.146300018
10.183333397	71.680328369	0.144600019
10.191667557	71.829032898	0.143699974
10.200000763	71.895217896	0.143299997
10.208333969	72.094146729	0.142099991
10.216667175	72.310272217	0.140799999
10.225000381	72.393569946	0.140300006
10.233333588	72.493659973	0.139699981
10.241666794	72.744476318	0.138199985
10.250000954	72.878593445	0.137400016
10.258334160	72.928955078	0.137100011
10.266667366	73.130744934	0.135900006
10.275000572	73.282455444	0.134999990
10.283333778	73.349983215	0.134599984
10.291666985	73.451385498	0.134000003
10.300000191	73.654624939	0.132799983
10.308333397	73.739463806	0.132300019
10.316667557	73.790420532	0.132000014
10.325000763	73.977561951	0.130899981
10.333333969	74.096893311	0.130199999
10.341667175	74.131027222	0.129999980
10.350000381	74.233512878	0.129399985
10.358333588	74.404640198	0.128399983
10.366666794	74.438911438	0.128199980
10.375000954	74.507499695	0.127800018
10.383334160	74.662063599	0.126900017
10.391667366	74.765281677	0.126300022
10.400000572	74.799720764	0.126100019
10.408333778	74.920387268	0.125399992
10.416666985	75.041236877	0.124700017
10.425000191	75.075805664	0.124499999
10.433334351	75.127685547	0.124199994
10.441667557	75.266204834	0.123399980
10.450000763	75.318214417	0.123099983
10.458333969	75.352905273	0.122900002
10.466667175	75.474456787	0.122200005
10.475000381	75.561401367	0.121699996
10.483333588	75.578804016	0.121599987
10.491666794	75.683288574	0.121000007
10.500000954	75.787925720	0.120399982
10.508334160	75.805374146	0.120300002
10.516667366	75.875228882	0.119899988
10.525000572	75.980125427	0.119299993
10.533333778	76.032630920	0.118999980
10.541666985	76.085166931	0.118700005
10.550000191	76.172813416	0.118200004
10.558334351	76.225448608	0.117900014
10.566667557	76.260559082	0.117700018
10.575000763	76.365989685	0.117100015
10.583333969	76.436363220	0.116699986
10.591667175	76.471572876	0.116499975
10.600000381	76.542037964	0.116099976
10.608333588	76.647850037	0.115500025
10.616666794	76.665504456	0.115400001
10.625000954	76.736145020	0.115000024
10.633334160	76.824546814	0.114499994
10.641667366	76.859931946	0.114300005
10.650000572	76.913047791	0.113999978
10.658333778	76.983917236	0.113599993
10.666666985	77.037109375	0.113300018
10.675000191	77.054855347	0.113199994
10.683334351	77.125854492	0.112800010
10.691667557	77.196922302	0.112400010
10.700000763	77.214698792	0.112300016
10.708333969	77.285850525	0.111900009
10.716667175	77.357070923	0.111499980
10.725000381	77.392700195	0.111299999
10.733333588	77.446182251	0.110999987
10.741666794	77.517539978	0.110600017
10.750000954	77.553253174	0.110399976
10.758334160	77.606842041	0.110099986
10.766667366	77.660469055	0.109799989
10.775000572	77.714134216	0.109499983
10.783333778	77.749931335	0.109299988
10.791666985	77.821571350	0.108900003
10.800000191	77.875350952	0.108599983
10.808334351	77.911216736	0.108400010
10.816667557	77.947105408	0.108200006
10.825000763	78.000968933	0.107900001
10.833333969	78.036895752	0.107700013
10.841667175	78.072845459	0.107499994
10.850000381	78.144783020	0.107100010
10.858333588	78.180778503	0.106900007
10.866666794	78.216789246	0.106700018
10.875000954	78.270843506	0.106399983
10.883334160	78.306892395	0.106200010
10.891667366	78.361007690	0.105899990
10.900000572	78.415153503	0.105599999
10.908333778	78.451271057	0.105400018
10.916666985	78.505485535	0.105099998
10.925000191	78.541648865	0.104899988
10.933334351	78.595916748	0.104600020
10.941667557	78.650230408	0.104300000
10.950000763	78.686462402	0.104099981
10.958333969	78.740829468	0.103800014
10.966667175	78.777099609	0.103600010
10.975000381	78.831535339	0.103300013
10.983333588	78.886009216	0.103000015
10.991666794	78.904174805	0.102900021
11.000000954	78.922348022	0.102800004
11.008334160	78.995071411	0.102400005
11.016667366	79.031455994	0.102200016
11.025000572	79.049659729	0.102099992
11.033333778	79.104286194	0.101799987
11.041666985	79.140724182	0.101599976
11.050000191	79.177177429	0.101399988
11.058334351	79.231887817	0.101099998
11.066667557	79.268379211	0.100900024
11.075000763	79.286636353	0.100800008
11.083333969	79.341423035	0.100500017
11.091667175	79.377975464	0.100299984
11.100000381	79.414535522	0.100100003
11.108333588	79.451118469	0.099899985
11.116666794	79.506019592	0.099599987
11.125000954	79.524330139	0.099499978
11.133334160	79.542640686	0.099399999
11.141667366	79.579277039	0.099200010
11.150000572	79.615936279	0.098999992
11.158333778	79.652610779	0.098799981
11.166666985	79.689300537	0.098599985
11.175000191	79.726005554	0.098399997
11.183334351	79.744361877	0.098300010
11.191667557	79.799468994	0.097999997
11.200000763	79.817848206	0.097899981
11.208333969	79.836227417	0.097799994
11.216667175	79.873001099	0.097599998
11.225000381	79.909790039	0.097400010
11.233333588	79.928192139	0.097300008
11.241666794	79.983421326	0.097000025
11.250000954	80.038696289	0.096699990
11.258334160	80.038696289	0.096699990
11.266667366	80.075561523	0.096500009
11.275000572	80.130897522	0.096199989
11.283333778	80.149345398	0.096100017
11.291666985	80.167808533	0.095999986
11.300000191	80.204734802	0.095799990
11.308334351	80.223205566	0.095699988
11.316667557	80.241676331	0.095600009
11.325000763	80.278640747	0.095399991
11.333333969	80.297126770	0.095299996
11.341667175	80.334114075	0.095099993
11.350000381	80.389625549	0.094799995
11.358333588	80.408134460	0.094700016
11.366666794	80.426651001	0.094600014
11.375000954	80.463699341	0.094400004
11.383334160	80.519302368	0.094099998
11.391667366	80.537841797	0.094000012
11.400000572	80.574943542	0.093799993
11.408333778	80.593498230	0.093699992
11.416666985	80.612060547	0.093599975
11.425000191	80.649185181	0.093400016
11.433334351	80.667762756	0.093299985
11.441667557	80.686340332	0.093199983
11.450000763	80.704917908	0.093099996
11.458333969	80.723503113	0.093000002
11.466667175	80.723503113	0.093000002
11.475000381	80.742095947	0.092899978
11.483333588	80.760688782	0.092799984
11.491666794	80.760688782	0.092799984
11.500000954	80.760688782	0.092799984
11.508334160	80.779281616	0.092700012
11.516667366	80.779281616	0.092700012
11.525000572	80.779281616	0.092700012
11.533333778	80.779281616	0.092700012
11.541666985	80.779281616	0.092700012
11.550000191	80.779281616	0.092700012
11.558334351	80.779281616	0.092700012
11.566667557	80.779281616	0.092700012
11.575000763	80.760688782	0.092799984
11.583333969	80.760688782	0.092799984
11.591667175	80.760688782	0.092799984
11.600000381	80.760688782	0.092799984
11.608333588	80.760688782	0.092799984
11.616667747	80.779281616	0.092700012
11.625000954	80.760688782	0.092799984
11.633334160	80.760688782	0.092799984
11.641667366	80.760688782	0.092799984
11.650000572	80.760688782	0.092799984
11.658333778	80.779281616	0.092700012
11.666666985	80.779281616	0.092700012
11.675000191	80.779281616	0.092700012
11.683334351	80.779281616	0.092700012
11.691667557	80.779281616	0.092700012
11.700000763	80.779281616	0.092700012
11.708333969	80.779281616	0.092700012
11.716667175	80.779281616	0.092700012
11.725000381	80.797882080	0.092600025
11.733333588	80.797882080	0.092600025
11.741667747	80.816490173	0.092500016
11.750000954	80.835105896	0.092399992
11.758334160	80.853721619	0.092299983
11.766667366	80.853721619	0.092299983
11.775000572	80.890960693	0.092100009
11.783333778	80.909591675	0.091999993
11.791666985	80.928222656	0.091899998
11.800000191	80.946861267	0.091799989
11.808334351	80.965499878	0.091699995
11.816667557	81.021446228	0.091400012
11.825000763	81.021446228	0.091400012
11.833333969	81.058769226	0.091199994
11.841667175	81.096107483	0.090999991
11.850000381	81.114784241	0.090899982
11.858333588	81.152145386	0.090699993
11.866667747	81.189521790	0.090500019
11.875000954	81.208221436	0.090400003
11.883334160	81.226921082	0.090300009
11.891667366	81.283050537	0.090000004
11.900000572	81.301773071	0.089899980
11.908333778	81.320495605	0.089799985
11.916666985	81.376686096	0.089500003
11.925000191	81.395423889	0.089400008
11.933334351	81.432922363	0.089199983
11.941667557	81.470428467	0.089000002
11.950000763	81.507957458	0.088799991
11.958333969	81.545501709	0.088599987
11.966667175	81.583061218	0.088400006
11.975000381	81.620643616	0.088199988
11.983333588	81.658233643	0.088000022
11.991667747	81.677040100	0.087900013
12.000000954	81.714660645	0.087700017
12.008334160	81.752304077	0.087499999
12.016667366	81.808792114	0.087200023
12.025000572	81.846481323	0.086999990
12.033333778	81.884178162	0.086800009
12.041666985	81.940765381	0.086499982
12.050000191	81.978507996	0.086299993
12.058334351	82.035156250	0.085999988
12.066667557	82.072944641	0.085799985
12.075000763	82.129653931	0.085500009
12.083333969	82.167488098	0.085299991
12.091667175	82.224266052	0.084999993
12.100000381	82.262138367	0.084800005
12.108333588	82.318984985	0.084499992
12.116667747	82.375869751	0.084199987
12.125000954	82.432792664	0.083899990
12.133334160	82.470764160	0.083699979
12.141667366	82.527748108	0.083400004
12.150000572	82.565765381	0.083199985
12.158333778	82.584777832	0.083099999
12.166666985	82.660873413	0.082700007
12.175000191	82.717994690	0.082400002
12.183334351	82.737045288	0.082299992
12.191667557	82.813285828	0.081899986
12.200000763	82.851425171	0.081700020
12.208333969	82.889595032	0.081499979
12.216667175	82.946868896	0.081200004
12.225000381	83.004188538	0.080899991
12.233333588	83.042419434	0.080700003
12.241667747	83.099807739	0.080399983
12.250000954	83.157226563	0.080100000
12.258334160	83.195533752	0.079899989
12.266667366	83.253021240	0.079599999
12.275000572	83.291366577	0.079400010
12.283333778	83.329734802	0.079200000
12.291666985	83.387313843	0.078900017
12.300000191	83.425727844	0.078699999
12.308334351	83.464157104	0.078499988
12.316667557	83.483375549	0.078400001
12.325000763	83.521827698	0.078200012
12.333333969	83.560302734	0.077999994
12.341667175	83.598793030	0.077799991
12.350000381	83.637298584	0.077600002
12.358333588	83.656562805	0.077499986
12.366667747	83.714363098	0.077200025
12.375000954	83.752929688	0.076999992
12.383334160	83.772216797	0.076899990
12.391667366	83.830101013	0.076600008
12.400000572	83.849411011	0.076499984
12.408333778	83.888031006	0.076300003
12.416666985	83.926673889	0.076099992
12.425000191	83.945999146	0.075999998
12.433334351	83.965332031	0.075899988
12.441667557	84.023353577	0.075599991
12.450000763	84.062057495	0.075399987
12.458333969	84.081413269	0.075300001
12.466667175	84.120140076	0.075100012
12.475000381	84.139511108	0.075000018
12.483333588	84.178268433	0.074800014
12.491667747	84.217041016	0.074600019
12.500000954	84.236442566	0.074499980
12.508334160	84.255836487	0.074400008
12.516667366	84.314056396	0.074100018
12.525000572	84.314056396	0.074100018
12.533333778	84.352897644	0.073899992
12.541666985	84.372322083	0.073799998
12.550000191	84.391754150	0.073699988
12.558334351	84.411186218	0.073599994
12.566667557	84.450065613	0.073400006
12.575000763	84.469512939	0.073300011
12.583333969	84.488967896	0.073199995
12.591667175	84.508422852	0.073100001
12.600000381	84.527885437	0.072999999
12.608333588	84.547348022	0.072900012
12.616667747	84.586296082	0.072699994
12.625000954	84.586296082	0.072699994
12.633334160	84.605773926	0.072600000
12.641667366	84.644744873	0.072399996
12.650000572	84.664237976	0.072299995
12.658333778	84.683731079	0.072200015
12.666666985	84.703239441	0.072099976
12.675000191	84.722740173	0.072000004
12.683334351	84.742248535	0.071900018
12.691667557	84.781288147	0.071699992
12.700000763	84.800811768	0.071599990
12.708333969	84.820335388	0.071500018
12.716667175	84.859405518	0.071300015
12.725000381	84.878952026	0.071199991
12.733333588	84.918045044	0.071000010
12.741667747	84.937599182	0.070900016
12.750000954	84.976730347	0.070699982
12.758334160	85.015869141	0.070500001
12.766667366	85.055030823	0.070299990
12.775000572	85.074615479	0.070200004
12.783333778	85.113800049	0.070000023
12.791666985	85.153007507	0.069800012
12.800001144	85.192230225	0.069600016
12.808334351	85.231475830	0.069399990
12.816667557	85.251098633	0.069300018
12.825000763	85.290367126	0.069100015
12.833333969	85.329658508	0.068899989
12.841667175	85.368965149	0.068699986
12.850000381	85.408287048	0.068499990
12.858333588	85.467300415	0.068200015
12.866667747	85.506668091	0.068000019
12.875000954	85.526359558	0.067900017
12.883334160	85.585464478	0.067599989
12.891667366	85.624885559	0.067399994
12.900000572	85.664329529	0.067199983
12.908333778	85.703781128	0.067000017
12.916666985	85.743263245	0.066799991
12.925001144	85.763008118	0.066699997
12.933334351	85.822273254	0.066399984
12.941667557	85.842033386	0.066300005
12.950000763	85.901351929	0.066000000
12.958333969	85.921134949	0.065899998
12.966667175	85.960708618	0.065700009
12.975000381	86.000305176	0.065500006
12.983333588	86.039916992	0.065300018
12.991667747	86.079551697	0.065100007
13.000000954	86.099372864	0.065000013
13.008334160	86.119201660	0.064900003
13.016667366	86.139030457	0.064800024
13.025000572	86.178710938	0.064600006
13.033333778	86.218406677	0.064400010
13.041666985	86.238265991	0.064299986
13.050001144	86.297851563	0.064000018
13.058334351	86.337608337	0.063799985
13.066667557	86.357490540	0.063699983
13.075000763	86.397262573	0.063500017
13.083333969	86.437065125	0.063299991
13.091667175	86.456970215	0.063199989
13.100000381	86.496788025	0.063000016
13.108333588	86.516708374	0.062900014
13.116667747	86.536636353	0.062799990
13.125000954	86.576492310	0.062600017
13.133334160	86.596435547	0.062499985
13.141667366	86.636322021	0.062299993
13.150000572	86.676223755	0.062100019
13.158333778	86.696189880	0.061999988
13.166666985	86.716156006	0.061899982
13.175001144	86.756095886	0.061700001
13.183334351	86.796058655	0.061499994
13.191667557	86.816047668	0.061399989
13.200000763	86.856033325	0.061200008
13.208333969	86.896041870	0.061000004
13.216667175	86.916053772	0.060899999
13.225000381	86.976112366	0.060600009
13.233333588	86.956092834	0.060699981
13.241667747	86.976112366	0.060600009
13.250000954	87.016174316	0.060400013
13.258334160	87.036216736	0.060299996
13.266667366	87.076309204	0.060099985
13.275000572	87.116416931	0.059899997
13.283333778	87.136474609	0.059800014
13.291666985	87.196693420	0.059499983
13.300001144	87.216773987	0.059399981
