Vernier Format 2
Untitled.sbl	13:32  Monday, March 25, 2019
Latest
Time	Transmittance	Absorbance
Time	%Trans	Abs
min	%	

0.000000000	99.976974487	0.000100010
0.008333334	99.976974487	0.000100010
0.016666668	99.976974487	0.000100010
0.025000002	99.976974487	0.000100010
0.033333335	99.976974487	0.000100010
0.041666668	99.976974487	0.000100010
0.050000004	99.953956604	0.000200010
0.058333337	99.953956604	0.000200010
0.066666670	99.953956604	0.000200010
0.075000003	99.953956604	0.000200010
0.083333336	99.930946350	0.000300000
0.091666669	99.930946350	0.000300000
0.100000009	99.930946350	0.000300000
0.108333342	99.930946350	0.000300000
0.116666675	99.930946350	0.000300000
0.125000000	99.930946350	0.000300000
0.133333340	99.930946350	0.000300000
0.141666681	99.930946350	0.000300000
0.150000006	99.907936096	0.000400013
0.158333346	99.907936096	0.000400013
0.166666672	99.930946350	0.000300000
0.175000012	99.930946350	0.000300000
0.183333337	99.930946350	0.000300000
0.191666678	99.907936096	0.000400013
0.200000018	99.930946350	0.000300000
0.208333343	99.930946350	0.000300000
0.216666684	99.930946350	0.000300000
0.225000009	99.930946350	0.000300000
0.233333349	99.930946350	0.000300000
0.241666675	99.930946350	0.000300000
0.250000000	99.930946350	0.000300000
0.258333355	99.930946350	0.000300000
0.266666681	99.953956604	0.000200010
0.275000006	99.976974487	0.000100010
0.283333361	99.976974487	0.000100010
0.291666687	99.953956604	0.000200010
0.300000012	99.953956604	0.000200010
0.308333337	99.953956604	0.000200010
0.316666692	99.907936096	0.000400013
0.325000018	99.953956604	0.000200010
0.333333343	99.930946350	0.000300000
0.341666698	93.432937622	0.029499996
0.350000024	92.982238770	0.031600002
0.358333349	98.152191162	0.008100001
0.366666675	99.357353210	0.002799986
0.375000030	99.403114319	0.002600009
0.383333355	99.494712830	0.002199997
0.391666681	99.311607361	0.002999989
0.400000036	99.288742065	0.003099991
0.408333361	99.265884399	0.003199984
0.416666687	99.128837585	0.003799987
0.425000012	99.128837585	0.003799987
0.433333367	99.151664734	0.003699990
0.441666692	99.128837585	0.003799987
0.450000018	99.128837585	0.003799987
0.458333343	99.128837585	0.003799987
0.466666698	99.128837585	0.003799987
0.475000024	99.151664734	0.003699990
0.483333349	99.106010437	0.003900006
0.491666704	99.060379028	0.004100014
0.500000000	99.083190918	0.004000016
0.508333385	99.174491882	0.003600016
0.516666710	99.174491882	0.003600016
0.525000036	99.151664734	0.003699990
0.533333361	99.174491882	0.003600016
0.541666687	99.243026733	0.003299999
0.550000012	99.243026733	0.003299999
0.558333337	99.311607361	0.002999989
0.566666722	99.380233765	0.002699986
0.575000048	99.426010132	0.002499988
0.583333373	99.540542603	0.001999996
0.591666698	99.632263184	0.001600004
0.600000024	99.678153992	0.001400014
0.608333349	99.655204773	0.001500014
0.616666675	99.747039795	0.001099984
0.625000060	99.609329224	0.001699984
0.633333385	99.792984009	0.000899991
0.641666710	99.815963745	0.000799996
0.650000036	99.792984009	0.000899991
0.658333361	99.815963745	0.000799996
0.666666687	99.838951111	0.000699990
0.675000012	99.792984009	0.000899991
0.683333397	99.792984009	0.000899991
0.691666722	99.792984009	0.000899991
0.700000048	99.770004272	0.001000009
0.708333373	99.724067688	0.001200015
0.716666698	99.701110840	0.001300003
0.725000024	99.632263184	0.001600004
0.733333349	99.517623901	0.002100002
0.741666734	99.426010132	0.002499988
0.750000060	99.357353210	0.002799986
0.758333385	99.197334290	0.003499998
0.766666710	99.037574768	0.004200003
0.775000036	98.923622131	0.004699990
0.783333361	98.741561890	0.005500007
0.791666687	98.469108582	0.006699994
0.800000072	98.333160400	0.007300003
0.808333397	97.971557617	0.008899987
0.816666722	97.903900146	0.009200007
0.825000048	97.521415710	0.010900003
0.833333373	97.476516724	0.011099999
0.841666698	97.207550049	0.012300002
0.850000024	97.073348999	0.012899987
0.858333349	96.850082397	0.013900005
0.866666734	96.827789307	0.013999984
0.875000060	96.671844482	0.014699996
0.883333385	96.449501038	0.015700014
0.891666710	96.294174194	0.016399987
0.900000036	96.161224365	0.017000016
0.908333361	96.094825745	0.017299997
0.916666687	96.139091492	0.017099986
0.925000072	96.139091492	0.017099986
0.933333397	96.139091492	0.017099986
0.941666722	96.382904053	0.015999993
0.950000048	96.493934631	0.015499985
0.958333373	96.449501038	0.015700014
0.966666698	96.627334595	0.014900000
0.975000024	96.738647461	0.014399989
0.983333409	96.560607910	0.015200009
0.991666734	96.694107056	0.014599993
1.000000000	96.917007446	0.013600004
1.008333445	96.850082397	0.013900005
1.016666770	96.850082397	0.013900005
1.025000095	96.961647034	0.013400016
1.033333421	96.850082397	0.013900005
1.041666746	96.760925293	0.014299987
1.050000072	96.671844482	0.014699996
1.058333397	96.493934631	0.015499985
1.066666722	96.338523865	0.016200012
1.075000048	96.227676392	0.016700001
1.083333373	96.538375854	0.015300012
1.091666698	96.805496216	0.014099984
1.100000024	97.050994873	0.013000009
1.108333349	97.476516724	0.011099999
1.116666675	97.543876648	0.010799988
1.125000000	97.431640625	0.011299985
1.133333445	97.274719238	0.012000014
1.141666770	97.185173035	0.012399987
1.150000095	97.095703125	0.012799989
1.158333421	96.738647461	0.014399989
1.166666746	96.560607910	0.015200009
1.175000072	96.316345215	0.016300006
1.183333397	96.094825745	0.017299997
1.191666722	95.741447449	0.018900011
1.200000048	95.477272034	0.020099998
1.208333373	95.411338806	0.020400010
1.216666698	95.104263306	0.021800015
1.225000024	94.907386780	0.022699984
1.233333349	94.841842651	0.023000017
1.241666675	94.667304993	0.023799986
1.250000119	94.558372498	0.024300011
1.258333445	94.362625122	0.025199985
1.266666770	94.471321106	0.024700012
1.275000095	94.340896606	0.025300000
1.283333421	94.319175720	0.025400003
1.291666746	94.319175720	0.025400003
1.300000072	94.254043579	0.025700008
1.308333397	94.254043579	0.025700008
1.316666722	94.275749207	0.025600007
1.325000048	93.626762390	0.028599994
1.333333373	93.475975037	0.029299997
1.341666698	93.132232666	0.030899985
1.350000024	92.618980408	0.033300005
1.358333349	92.257141113	0.035000008
1.366666794	92.278388977	0.034899995
1.375000119	92.661643982	0.033099998
1.383333445	92.320892334	0.034700006
1.391666770	82.775154114	0.082100004
1.400000095	7.447319508	1.128000021
1.408333421	24.496273041	0.610899985
1.416666746	24.654716492	0.608099997
1.425000072	41.380908966	0.383199960
1.433333397	47.489765167	0.323399991
1.441666722	57.266414642	0.242100000
1.450000048	36.957279205	0.432300001
1.458333373	35.604099274	0.448500007
1.466666698	49.362823486	0.306600004
1.475000024	29.805747986	0.525699973
1.483333468	24.734321594	0.606700003
1.491666794	31.052745819	0.507900000
1.500000119	39.792385101	0.400200039
1.508333445	35.826137543	0.445800006
1.516666770	34.793651581	0.458499998
1.525000095	36.282733917	0.440299988
1.533333421	43.541160583	0.361099988
1.541666746	41.457202911	0.382400006
1.550000072	43.391033173	0.362599999
1.558333397	35.636905670	0.448100001
1.566666722	39.463897705	0.403800011
1.575000048	48.183685303	0.317099988
1.583333373	50.874481201	0.293500006
1.591666698	53.444129944	0.272100002
1.600000143	52.771568298	0.277599990
1.608333468	42.461956024	0.372000009
1.616666794	42.082351685	0.375900000
1.625000119	47.863010406	0.319999993
1.633333445	55.042736053	0.259299994
1.641666770	56.597858429	0.247199997
1.650000095	57.663368225	0.239099994
1.658333421	58.183521271	0.235200003
1.666666746	58.627311707	0.231900021
1.675000072	59.088096619	0.228499994
1.683333397	59.511375427	0.225400016
1.691666722	59.868724823	0.222799987
1.700000048	60.200485229	0.220400006
1.708333373	60.464435577	0.218500003
1.716666698	60.687602997	0.216900021
1.725000143	60.897575378	0.215399995
1.733333468	61.052013397	0.214300007
1.741666794	61.192752838	0.213300005
1.750000119	61.277355194	0.212699994
1.758333445	61.347942352	0.212200001
1.766666770	61.418609619	0.211700022
1.775000095	61.503524780	0.211099997
1.783333421	61.616920471	0.210300013
1.791666746	61.929843903	0.208100021
1.800000072	62.359123230	0.205100000
1.808333397	62.459712982	0.204400018
1.816666722	62.373485565	0.204999983
1.825000048	62.589286804	0.203500003
1.833333373	62.733570099	0.202500001
1.841666818	62.849235535	0.201700002
1.850000143	62.936122894	0.201100022
1.858333468	62.994117737	0.200700000
1.866666794	63.110263824	0.199900001
1.875000119	63.182964325	0.199400008
1.883333445	63.284885406	0.198699996
1.891666770	63.343200684	0.198299989
1.900000095	63.430774689	0.197699979
1.908333421	63.503841400	0.197200000
1.916666746	63.562358856	0.196799994
1.925000072	63.620929718	0.196399987
1.933333397	63.694217682	0.195899993
1.941666722	63.767589569	0.195400000
1.950000048	63.841045380	0.194900006
1.958333492	63.899875641	0.194499984
1.966666818	63.944030762	0.194199994
1.975000143	64.002952576	0.193799987
1.983333468	64.061927795	0.193399996
1.991666794	64.106193542	0.193100005
2.000000000	64.165267944	0.192699984
2.008333445	64.194824219	0.192499980
2.016666889	64.253974915	0.192100003
2.025000095	64.313186646	0.191699967
2.033333540	64.357620239	0.191400021
2.041666746	64.387268066	0.191200003
2.050000191	64.431762695	0.190899983
2.058333397	64.491134644	0.190499976
2.066666842	64.535697937	0.190199986
2.075000048	64.565422058	0.190000013
2.083333492	64.624916077	0.189600006
2.091666698	64.654685974	0.189399987
2.100000143	64.699363708	0.189099997
2.108333349	64.729164124	0.188899994
2.116666794	64.773895264	0.188599989
2.125000000	64.803726196	0.188400015
2.133333445	64.833580017	0.188199997
2.141666889	64.833580017	0.188199997
2.150000095	64.878379822	0.187900007
2.158333540	64.908264160	0.187700003
2.166666746	64.938163757	0.187500000
2.175000191	64.983039856	0.187199980
2.183333397	65.012969971	0.186999992
2.191666842	65.057891846	0.186700016
2.200000048	65.087860107	0.186500013
2.208333492	65.102851868	0.186399981
2.216666698	65.132835388	0.186200023
2.225000143	65.147834778	0.186100021
2.233333349	65.177848816	0.185899973
2.241666794	65.192855835	0.185800001
2.250000000	65.222885132	0.185599998
2.258333445	65.267951965	0.185300007
2.266666889	65.282981873	0.185200021
2.275000095	65.298019409	0.185099989
2.283333540	65.313056946	0.184999987
2.291666746	65.328094482	0.184900016
2.300000191	65.343139648	0.184799999
2.308333397	65.373237610	0.184600011
2.316666842	65.388290405	0.184500024
2.325000048	65.403350830	0.184400007
2.333333492	65.418411255	0.184300005
2.341666698	65.433479309	0.184199989
2.350000143	65.433479309	0.184199989
2.358333349	65.463615417	0.184000015
2.366666794	65.478691101	0.183900014
2.375000238	65.478691101	0.183900014
2.383333445	65.493774414	0.183799982
2.391666889	65.508857727	0.183699980
2.400000095	65.539024353	0.183500022
2.408333540	65.539024353	0.183500022
2.416666746	65.554122925	0.183399990
2.425000191	65.569213867	0.183300018
2.433333397	65.584320068	0.183199987
2.441666842	65.584320068	0.183199987
2.450000048	65.599418640	0.183100015
2.458333492	65.614524841	0.183000013
2.466666698	65.614524841	0.183000013
2.475000143	65.644752502	0.182799980
2.483333349	65.644752502	0.182799980
2.491666794	65.659866333	0.182700008
2.500000238	65.644752502	0.182799980
2.508333445	65.856704712	0.181400001
2.516666889	62.301712036	0.205500022
2.525000095	61.362068176	0.212100014
2.533333540	61.291465759	0.212599993
2.541666746	61.645305634	0.210099995
2.550000191	61.830108643	0.208799988
2.558333397	62.015464783	0.207499996
2.566666842	58.884365082	0.230000004
2.575000048	60.242084503	0.220100015
2.583333492	58.965774536	0.229399994
2.591666698	58.425170898	0.233400002
2.600000143	59.033699036	0.228900000
2.608333588	59.511375427	0.225400016
2.616666794	59.841159821	0.223000005
2.625000238	60.103530884	0.221100017
2.633333445	60.687602997	0.216900021
2.641666889	58.775997162	0.230799988
2.650000095	57.029556274	0.243900001
2.658333540	55.744239807	0.253800005
2.666666746	26.546056747	0.575999975
2.675000191	31.827314377	0.497200012
2.683333397	28.497056961	0.545199990
2.691666842	36.846817017	0.433600008
2.700000048	46.580055237	0.331800014
2.708333492	38.645595551	0.412900001
2.716666698	53.259857178	0.273600012
2.725000143	32.411563873	0.489300013
2.733333588	46.302028656	0.334399968
2.741666794	45.866966248	0.338499993
2.750000238	36.897758484	0.433000028
2.758333445	51.274330139	0.290100008
2.766666889	54.954090118	0.259999990
2.775000095	58.667827606	0.231599987
2.783333540	59.868724823	0.222799987
2.791666746	58.965774536	0.229399994
2.800000191	54.688999176	0.262100011
2.808333397	47.424198151	0.324000001
2.816666842	50.652397156	0.295399994
2.825000048	52.095474243	0.283199996
2.833333492	53.272121429	0.273499995
2.841666698	52.215564728	0.282200009
2.850000143	51.179965973	0.290900022
2.858333588	52.832359314	0.277099997
2.866666794	53.876579285	0.268599987
2.875000238	54.275020599	0.265399992
2.883333445	54.538101196	0.263299972
2.891666889	48.899002075	0.310699999
2.900000095	44.957275391	0.347200006
2.908333540	47.402362823	0.324200004
2.916666746	51.903900146	0.284799993
2.925000191	53.174079895	0.274300009
2.933333397	46.978591919	0.328099996
2.941666842	52.335937500	0.281199992
2.950000048	54.575782776	0.263000041
2.958333492	53.988346100	0.267699987
2.966666937	54.916137695	0.260300010
2.975000143	53.247596741	0.273699999
2.983333588	54.852951050	0.260800004
2.991666794	52.966346741	0.275999993
3.000000238	54.000774384	0.267600000
3.008333445	54.538101196	0.263299972
3.016666889	56.728332520	0.246199980
3.025000095	57.147865295	0.242999986
3.033333540	57.836231232	0.237800017
3.041666746	58.103195190	0.235799983
3.050000191	58.116573334	0.235699996
3.058333397	58.223728180	0.234899983
3.066666842	58.519416809	0.232700005
3.075000048	58.816612244	0.230499998
3.083333492	61.220939636	0.213100016
3.091666937	60.380958557	0.219099998
3.100000143	60.172771454	0.220599979
3.108333588	60.297595978	0.219700009
3.116666794	60.506217957	0.218199998
3.125000238	60.269836426	0.219899982
3.133333445	60.492286682	0.218300000
3.141666889	60.757514954	0.216399997
3.150000095	61.052013397	0.214300007
3.158333540	61.333816528	0.212300017
3.166666746	61.517688751	0.210999995
3.175000191	61.702106476	0.209700003
3.183333397	61.503524780	0.211099997
3.191666842	61.560195923	0.210700005
3.200000286	61.588554382	0.210499987
3.208333492	61.631111145	0.210199997
3.216666937	61.418609619	0.211700022
3.225000143	60.827503204	0.215900004
3.233333588	60.785503387	0.216199979
3.241666794	60.939655304	0.215100005
3.250000238	61.037960052	0.214399993
3.258333445	61.136421204	0.213699982
3.266666889	60.659664154	0.217099994
3.275000095	59.937690735	0.222299993
3.283333540	59.169784546	0.227900013
3.291666746	58.263961792	0.234599993
3.300000191	59.593650818	0.224800006
3.308333397	60.103530884	0.221100017
3.316666842	59.115314484	0.228299990
3.325000286	57.982910156	0.236699998
3.333333492	57.557247162	0.239899993
3.341666937	58.600322723	0.232099995
3.350000143	59.429218292	0.225999981
3.358333588	60.006736755	0.221799985
3.366666794	60.325370789	0.219500005
3.375000238	60.967727661	0.214899987
3.383333445	61.249141693	0.212899998
3.391666889	61.347942352	0.212200001
3.400000095	61.376201630	0.211999997
3.408333540	61.362068176	0.212100014
3.416666746	61.291465759	0.212599993
3.425000191	61.136421204	0.213699982
3.433333397	60.897575378	0.215399995
3.441666842	60.603820801	0.217500001
3.450000286	60.214347839	0.220300019
3.458333492	59.717277527	0.223900005
3.466666937	59.224308014	0.227500007
3.475000143	58.748935699	0.230999991
3.483333588	58.357948303	0.233899981
3.491666794	58.103195190	0.235799983
3.500000238	57.956211090	0.236900017
3.508333445	58.022975922	0.236399993
3.516666889	58.223728180	0.234899983
3.525000095	58.721885681	0.231200010
3.533333540	59.333503723	0.226700008
3.541666746	59.731029510	0.223800004
3.550000191	60.145065308	0.220799997
3.558333635	60.478359222	0.218400002
3.566666842	60.743526459	0.216499999
3.575000286	61.023906708	0.214499995
3.583333492	61.347942352	0.212200001
3.591666937	61.616920471	0.210300013
3.600000143	61.830108643	0.208799988
3.608333588	62.072608948	0.207100004
3.616666794	62.258693695	0.205799997
3.625000238	62.445335388	0.204500005
3.633333445	62.618118286	0.203299984
3.641666889	62.776920319	0.202199996
3.650000095	62.921634674	0.201200008
3.658333540	63.066684723	0.200199991
3.666666746	63.168418884	0.199499995
3.675000191	63.299461365	0.198599979
3.683333635	63.416168213	0.197799996
3.691666842	63.503841400	0.197200000
3.700000286	63.606281281	0.196499988
3.708333492	63.708885193	0.195799991
3.716666937	63.811653137	0.195100009
3.725000143	63.899875641	0.194499984
3.733333588	63.958755493	0.194099993
3.741666794	64.047180176	0.193499982
3.750000238	64.120956421	0.193000004
3.758333445	64.194824219	0.192499980
3.766666889	64.268768311	0.192000017
3.775000095	64.327995300	0.191599980
3.783333540	64.387268066	0.191200003
3.791666746	64.446601868	0.190799981
3.800000191	64.505981445	0.190400019
3.808333635	64.580291748	0.189899996
3.816666842	64.639801025	0.189499989
3.825000286	64.803726196	0.188400015
3.833333492	58.009616852	0.236500010
3.841666937	57.398429871	0.241099983
3.850000143	58.586830139	0.232199997
3.858333588	59.456592560	0.225799978
3.866666794	59.923889160	0.222400010
3.875000238	60.561969757	0.217800006
3.883333445	61.744743347	0.209400013
3.891666889	61.758964539	0.209299996
3.900000095	62.086902618	0.207000002
3.908333540	62.373485565	0.204999983
3.916666985	62.589286804	0.203500003
3.925000191	62.704685211	0.202700004
3.933333635	62.863708496	0.201600000
3.941666842	62.950618744	0.200999990
3.950000286	63.023136139	0.200499997
3.958333492	62.820297241	0.201900020
3.966666937	62.805835724	0.202000007
3.975000143	62.762466431	0.202299997
3.983333588	62.445335388	0.204500005
3.991666794	61.887081146	0.208399996
4.000000000	61.376201630	0.211999997
4.008333683	61.037960052	0.214399993
4.016666889	60.883556366	0.215499982
4.025000095	60.743526459	0.216499999
4.033333778	60.673633575	0.216999993
4.041666985	60.659664154	0.217099994
4.050000191	60.603820801	0.217500001
4.058333397	60.589866638	0.217600003
4.066667080	60.575916290	0.217700005
4.075000286	60.617774963	0.217400014
4.083333492	60.701580048	0.216800004
4.091666698	60.687602997	0.216900021
4.100000381	58.870807648	0.230100006
4.108333588	58.600322723	0.232099995
4.116666794	57.849552155	0.237700000
4.125000000	55.769916534	0.253600001
4.133333683	53.938640594	0.268099993
4.141666889	52.966346741	0.275999993
4.150000095	51.451732635	0.288599998
4.158333778	51.856117249	0.285200000
4.166666985	53.186328888	0.274199992
4.175000191	53.505691528	0.271600008
4.183333397	55.004722595	0.259600013
4.191667080	54.400138855	0.264400005
4.200000286	52.881042480	0.276699990
4.208333492	54.400138855	0.264400005
4.216666698	54.739395142	0.261700004
4.225000381	51.404365540	0.289000005
4.233333588	52.856697083	0.276899993
4.241666794	54.613498688	0.262699991
4.250000000	56.104797363	0.250999987
4.258333683	55.284069061	0.257400006
4.266666889	55.718574524	0.254000008
4.275000095	54.588356018	0.262899995
4.283333778	54.312526703	0.265100002
4.291666985	54.676410675	0.262199998
4.300000191	53.542667389	0.271299988
4.308333397	55.449802399	0.256099999
4.316667080	52.577510834	0.279199988
4.325000286	54.038089752	0.267300010
4.333333492	54.150192261	0.266400009
4.341666698	55.603225708	0.254900008
4.350000381	57.636817932	0.239299998
4.358333588	58.411720276	0.233500004
4.366666794	57.358791351	0.241400003
4.375000000	56.428691864	0.248500019
4.383333683	57.029556274	0.243900001
4.391666889	54.928787231	0.260199994
4.400000095	55.552040100	0.255299985
4.408333778	57.796295166	0.238099992
4.416666985	57.703212738	0.238800004
4.425000191	57.929527283	0.237100020
4.433333397	58.654319763	0.231700003
4.441667080	59.088096619	0.228499994
4.450000286	59.347167969	0.226600006
4.458333492	59.717277527	0.223900005
4.466666698	59.006519318	0.229100004
4.475000381	58.857254028	0.230200008
4.483333588	60.799499512	0.216099992
4.491666794	60.534088135	0.217999995
4.500000000	60.995811462	0.214699984
4.508333683	61.503524780	0.211099997
4.516666889	61.801639557	0.209000006
4.525000095	61.673698425	0.209900007
4.533333778	61.758964539	0.209299996
4.541666985	61.815872192	0.208900005
4.550000191	61.972640991	0.207800001
4.558333397	61.787410736	0.209100008
4.566667080	61.588554382	0.210499987
4.575000286	61.758964539	0.209299996
4.583333492	61.758964539	0.209299996
4.591666698	61.801639557	0.209000006
4.600000381	63.037647247	0.200400010
4.608333588	62.776920319	0.202199996
4.616666794	62.445335388	0.204500005
4.625000477	62.273029327	0.205700010
4.633333683	62.230030060	0.205999985
4.641666889	62.215702057	0.206099987
4.650000095	62.215702057	0.206099987
4.658333778	62.215702057	0.206099987
4.666666985	62.230030060	0.205999985
4.675000191	62.258693695	0.205799997
4.683333397	62.072608948	0.207100004
4.691667080	61.815872192	0.208900005
4.700000286	61.801639557	0.209000006
4.708333492	61.830108643	0.208799988
4.716666698	61.858589172	0.208599985
4.725000381	61.815872192	0.208900005
4.733333588	60.464435577	0.218500003
4.741666794	59.265232086	0.227200016
4.750000477	58.938625336	0.229599997
4.758333683	59.634830475	0.224500015
4.766666889	60.269836426	0.219899982
4.775000095	60.617774963	0.217400014
4.783333778	60.034378052	0.221599981
4.791666985	58.654319763	0.231700003
4.800000191	57.042690277	0.243799999
4.808333397	57.332382202	0.241600007
4.816667080	59.278881073	0.227100000
4.825000286	60.048202515	0.221499994
4.833333492	60.506217957	0.218199998
4.841666698	59.676040649	0.224199995
4.850000381	59.621101379	0.224600002
4.858333588	60.659664154	0.217099994
4.866666794	60.869537354	0.215599999
4.875000477	61.094203949	0.213999987
4.883333683	60.995811462	0.214699984
4.891666889	60.799499512	0.216099992
4.900000095	60.242084503	0.220100015
4.908333778	60.062030792	0.221399993
4.916666985	60.131217957	0.220899999
4.925000191	59.896301270	0.222599998
4.933333397	59.841159821	0.223000005
4.941667080	60.006736755	0.221799985
4.950000286	60.255958557	0.219999999
4.958333492	60.325370789	0.219500005
4.966666698	60.034378052	0.221599981
4.975000381	60.006736755	0.221799985
4.983333588	61.730529785	0.209500000
4.991666794	62.201377869	0.206199989
5.000000477	62.258693695	0.205799997
5.008333683	62.172737122	0.206400007
5.016666889	61.901332855	0.208299994
5.025000095	61.844345093	0.208700001
5.033333778	61.830108643	0.208799988
5.041666985	61.815872192	0.208900005
5.050000191	61.574371338	0.210600019
5.058333397	61.475208282	0.211299986
5.066667080	61.461051941	0.211400017
5.075000286	61.461051941	0.211400017
5.083333492	61.503524780	0.211099997
5.091666698	61.560195923	0.210700005
5.100000381	61.602737427	0.210399985
5.108333588	61.376201630	0.211999997
5.116666794	61.263244629	0.212800011
5.125000477	61.206844330	0.213200018
5.133333683	61.235038757	0.213000000
5.141666889	61.263244629	0.212800011
5.150000095	61.263244629	0.212800011
5.158333778	61.291465759	0.212599993
5.166666985	61.291465759	0.212599993
5.175000191	61.277355194	0.212699994
5.183333397	61.291465759	0.212599993
5.191667080	60.841510773	0.215800017
5.200000286	60.353157043	0.219300002
5.208333492	60.048202515	0.221499994
5.216667175	60.020553589	0.221699998
5.225000381	60.117374420	0.221000001
5.233333588	60.172771454	0.220599979
5.241666794	60.297595978	0.219700009
5.250000477	60.422683716	0.218799993
5.258333683	60.394863129	0.218999997
5.266666889	60.701580048	0.216800004
5.275000095	60.953689575	0.215000004
5.283333778	60.953689575	0.215000004
5.291666985	61.009857178	0.214599997
5.300000191	61.080135345	0.214100003
5.308333397	61.136421204	0.213699982
5.316667080	61.235038757	0.213000000
5.325000286	61.362068176	0.212100014
5.333333492	61.461051941	0.211400017
5.341667175	61.531856537	0.210899979
5.350000381	61.616920471	0.210300013
5.358333588	61.687900543	0.209800005
5.366666794	61.758964539	0.209299996
5.375000477	61.801639557	0.209000006
5.383333683	61.844345093	0.208700001
5.391666889	61.887081146	0.208399996
5.400000095	61.915588379	0.208199993
5.408333778	61.929843903	0.208100021
5.416666985	61.958370209	0.207900017
5.425000191	61.986911774	0.207699999
5.433333397	62.015464783	0.207499996
5.441667080	62.044029236	0.207300007
5.450000286	62.072608948	0.207100004
5.458333492	62.101200104	0.206900001
5.466667175	62.129806519	0.206699997
5.475000381	62.158424377	0.206500009
5.483333588	62.187057495	0.206299990
5.491666794	62.215702057	0.206099987
5.500000477	62.230030060	0.205999985
5.508333683	62.258693695	0.205799997
5.516666889	62.273029327	0.205700010
5.525000095	62.287372589	0.205599993
5.533333778	62.287372589	0.205599993
5.541666985	62.301712036	0.205500022
5.550000191	62.258693695	0.205799997
5.558333397	62.201377869	0.206199989
5.566667080	62.115501404	0.206799999
5.575000286	61.972640991	0.207800001
5.583333492	61.801639557	0.209000006
5.591667175	61.687900543	0.209800005
5.600000381	61.517688751	0.210999995
5.608333588	61.404472351	0.211799994
5.616666794	61.305580139	0.212499991
5.625000477	61.206844330	0.213200018
5.633333683	61.122344971	0.213799998
5.641666889	61.052013397	0.214300007
5.650000095	60.981765747	0.214800000
5.658333778	60.925624847	0.215200007
5.666666985	60.855522156	0.215700001
5.675000191	60.799499512	0.216099992
5.683333397	60.743526459	0.216499999
5.691667080	60.687602997	0.216900021
5.700000286	60.631736755	0.217299998
5.708333492	60.575916290	0.217700005
5.716667175	60.520149231	0.218100011
5.725000381	60.450511932	0.218600020
5.733333588	60.394863129	0.218999997
5.741666794	60.325370789	0.219500005
5.750000477	60.255958557	0.219999999
5.758333683	60.186626434	0.220499992
5.766666889	60.131217957	0.220899999
5.775000095	60.062030792	0.221399993
5.783333778	59.992919922	0.221900001
5.791666985	59.937690735	0.222299993
5.800000191	59.868724823	0.222799987
5.808333874	59.786067963	0.223400012
5.816667080	59.717277527	0.223900005
5.825000286	59.648563385	0.224400014
5.833333492	59.579929352	0.224900022
5.841667175	59.497676849	0.225499988
5.850000381	59.429218292	0.225999981
5.858333588	59.374504089	0.226400003
5.866666794	59.306186676	0.226899996
5.875000477	59.251586914	0.227300018
5.883333683	59.197040558	0.227700010
5.891666889	59.128925323	0.228200018
5.900000095	59.060894012	0.228699982
5.908333778	58.992935181	0.229199991
5.916666985	58.911487579	0.229800016
5.925000191	58.857254028	0.230200008
5.933333874	58.789531708	0.230700001
5.941667080	58.735408783	0.231100008
5.950000286	58.667827606	0.231599987
5.958333492	58.627311707	0.231900021
5.966667175	58.748935699	0.230999991
5.975000381	58.640815735	0.231799990
5.983333588	58.438625336	0.233300015
5.991666794	58.357948303	0.233899981
6.000000477	58.317646027	0.234200016
6.008333683	58.263961792	0.234599993
6.016666889	58.210323334	0.234999985
6.025000095	58.129959106	0.235599980
6.033333778	58.036338806	0.236299992
6.041666985	57.889526367	0.237400010
6.050000191	57.703212738	0.238800004
6.058333874	57.358791351	0.241400003
6.066667080	56.977054596	0.244300008
6.075000286	56.195301056	0.250299990
6.083333492	54.815074921	0.261099994
6.091667175	53.926219940	0.268200010
6.100000381	52.468666077	0.280099988
6.108333588	50.687397003	0.295100003
6.116666794	48.039669037	0.318399996
6.125000477	44.627235413	0.350400031
6.133333683	42.266860962	0.374000013
6.141666889	38.583354950	0.413599998
6.150000095	33.682163239	0.472600013
6.158333778	29.187709808	0.534799993
6.166666985	25.864255905	0.587300003
6.175000191	23.399145126	0.630800009
6.183333874	21.217781067	0.673300028
6.191667080	33.036952972	0.481000006
6.200000286	55.220458984	0.257900000
6.208333492	58.344509125	0.234000012
6.216667175	59.374504089	0.226400003
6.225000381	58.870807648	0.230100006
6.233333588	57.862873077	0.237599999
6.241666794	56.506706238	0.247900009
6.250000477	55.271343231	0.257499993
6.258333683	53.407222748	0.272399992
6.266666889	50.629077911	0.295599997
6.275000095	45.488330841	0.342099994
6.283333778	40.954345703	0.387700021
6.291666985	37.196319580	0.429500043
6.300000191	33.082626343	0.480400026
6.308333874	30.095392227	0.521499991
6.316667080	25.310457230	0.596700013
6.325000286	22.351158142	0.650699973
6.333333492	21.562543869	0.666299999
6.341667175	53.951061249	0.268000007
6.350000381	58.721885681	0.231200010
6.358333588	60.020553589	0.221699998
6.366666794	59.841159821	0.223000005
6.375000477	58.586830139	0.232199997
6.383333683	56.311874390	0.249400020
6.391666889	54.375091553	0.264600009
6.400000572	52.083480835	0.283300012
6.408333778	45.729873657	0.339800000
6.416666985	41.409500122	0.382900000
6.425000191	36.291088104	0.440200001
6.433333874	32.107021332	0.493399978
6.441667080	28.860246658	0.539699972
6.450000286	25.038019180	0.601400018
6.458333492	21.742025375	0.662699997
6.466667175	47.774921417	0.320800006
6.475000381	57.796295166	0.238099992
6.483333588	59.841159821	0.223000005
6.491666794	59.511375427	0.225400016
6.500000477	58.263961792	0.234599993
6.508333683	55.513675690	0.255600005
6.516666889	51.345218658	0.289499998
6.525000572	44.238460541	0.354200006
6.533333778	38.097808838	0.419100016
6.541666985	32.107021332	0.493399978
6.550000191	26.527723312	0.576300025
6.558333874	21.777097702	0.662000000
6.566667080	18.616584778	0.730099976
6.575000286	16.553888321	0.781099975
6.583333492	51.760681152	0.286000013
6.591667175	58.627311707	0.231900021
6.600000381	59.744785309	0.223700002
6.608333588	58.371387482	0.233799979
6.616666794	56.182361603	0.250400007
6.625000477	54.250034332	0.265599996
6.633333683	51.487285614	0.288300008
6.641666889	48.339260101	0.315699995
6.650000572	43.984535217	0.356700003
6.658333778	39.491168976	0.403500021
6.666666985	35.123680115	0.454399973
6.675000191	31.455745697	0.502300024
6.683333874	28.144918442	0.550599992
6.691667080	25.953742981	0.585799992
6.700000286	24.305244446	0.614300013
6.708333492	22.641229630	0.645099998
6.716667175	25.686206818	0.590300024
6.725000381	55.513675690	0.255600005
6.733333588	59.497676849	0.225499988
6.741666794	60.380958557	0.219099998
6.750000477	59.951492310	0.222200006
6.758333683	58.830158234	0.230399981
6.766666889	57.610282898	0.239499986
6.775000572	56.324844360	0.249300003
6.783333778	55.118827820	0.258700013
6.791666985	54.025650024	0.267399997
6.800000191	52.504920959	0.279799998
6.808333874	49.136020660	0.308600008
6.816667080	44.771327972	0.349000037
6.825000286	41.001525879	0.387199968
6.833333492	37.213455200	0.429300010
6.841667175	34.127147675	0.466900021
6.850000381	31.966861725	0.495299995
6.858333588	29.430660248	0.531199992
6.866666794	27.214479446	0.565199971
6.875000477	25.287155151	0.597100019
6.883333683	23.834169388	0.622799993
6.891666889	24.871385574	0.604300022
6.900000572	55.386001587	0.256599993
6.908333778	59.456592560	0.225799978
6.916666985	60.645698547	0.217199996
6.925000191	60.813499451	0.216000006
6.933333874	60.478359222	0.218400002
6.941667080	59.868724823	0.222799987
6.950000286	59.169784546	0.227900013
6.958333492	58.357948303	0.233899981
6.966667175	57.583755493	0.239700019
6.975000381	56.676105499	0.246600002
6.983333588	55.335010529	0.256999999
6.991666794	53.703178406	0.270000011
7.000000477	52.541198730	0.279500037
7.008333683	50.769161224	0.294400007
7.016666889	48.294757843	0.316100001
7.025000572	45.154392242	0.345299989
7.033333778	42.983325958	0.366699994
7.041666985	40.784957886	0.389499992
7.050000191	37.705093384	0.423599988
7.058333874	35.285800934	0.452400029
7.066667080	32.938209534	0.482300013
7.075000286	30.297027588	0.518599987
7.083333492	27.809934616	0.555800021
7.091667175	25.568191528	0.592299998
7.100000381	23.872615814	0.622099996
7.108333588	21.973537445	0.658100009
7.116667271	19.484979630	0.710300028
7.125000477	17.430105209	0.758700013
7.133333683	15.955117226	0.797100008
7.141666889	52.990741730	0.275799990
7.150000572	58.870807648	0.230100006
7.158333778	60.339263916	0.219399989
7.166666985	59.813610077	0.223199978
7.175000191	59.210674286	0.227599993
7.183333874	58.452083588	0.233199999
7.191667080	57.769683838	0.238300011
7.200000286	57.003299713	0.244100004
7.208333492	56.117717743	0.250900000
7.216667175	55.271343231	0.257499993
7.225000381	54.500438690	0.263599992
7.233333588	53.616687775	0.270700008
7.241667271	52.905403137	0.276499987
7.250000477	51.605976105	0.287299991
7.258333683	50.176460266	0.299499989
7.266666889	48.239189148	0.316599995
7.275000572	46.472923279	0.332800001
7.283333778	44.340442657	0.353199989
7.291666985	42.825260162	0.368299991
7.300000191	40.897804260	0.388300002
7.308333874	39.030128479	0.408600032
7.316667080	37.940235138	0.420899987
7.325000286	36.880771637	0.433200002
7.333333492	35.530391693	0.449400008
7.341667175	34.135005951	0.466800004
7.350000381	32.681350708	0.485700011
7.358333588	31.260793686	0.504999995
7.366667271	30.310979843	0.518400013
7.375000477	29.160837173	0.535200000
7.383333683	27.816341400	0.555700004
7.391666889	26.656309128	0.574199975
7.400000572	25.456575394	0.594200015
7.408333778	24.065782547	0.618600011
7.416666985	22.667312622	0.644599974
7.425000191	21.483249664	0.667900026
7.433333874	20.497457504	0.688300014
7.441667080	22.100393295	0.655600011
7.450000286	55.068088531	0.259099990
7.458333492	59.388175964	0.226300016
7.466667175	60.687602997	0.216900021
7.475000381	61.009857178	0.214599997
7.483333588	60.953689575	0.215000004
7.491667271	60.799499512	0.216099992
7.500000477	60.534088135	0.217999995
7.508333683	60.283714294	0.219799995
7.516666889	59.951492310	0.222200006
7.525000572	59.717277527	0.223900005
7.533333778	59.511375427	0.225400016
7.541666985	59.319843292	0.226800010
7.550000191	59.169784546	0.227900013
7.558333874	58.965774536	0.229399994
7.566667080	58.775997162	0.230799988
7.575000286	58.546375275	0.232499987
7.583333492	58.263961792	0.234599993
7.591667175	57.796295166	0.238099992
7.600000381	56.689155579	0.246500015
7.608333588	56.027339935	0.251599997
7.616667271	55.437038422	0.256199986
7.625000477	54.613498688	0.262699991
7.633333683	53.913806915	0.268299997
7.641666889	53.481056213	0.271800011
7.650000572	53.076221466	0.275099993
7.658333778	52.795879364	0.277399987
7.666666985	52.155487061	0.282700002
7.675000191	50.710746765	0.294900000
7.683333874	47.951255798	0.319200009
7.691667080	44.915885925	0.347600043
7.700000286	40.169830322	0.396100014
7.708333969	35.383434296	0.451200008
7.716667175	29.268470764	0.533599973
7.725000381	24.854211807	0.604600012
7.733333588	20.989400864	0.677999973
7.741667271	17.438135147	0.758499980
7.750000477	14.487718582	0.838999987
7.758333683	12.864708900	0.890600026
7.766666889	18.134265900	0.741500020
7.775000572	16.741716385	0.776199996
7.783333778	16.173351288	0.791199982
7.791666985	21.320629120	0.671199977
7.800000191	48.775306702	0.311800003
7.808333874	59.197040558	0.227700010
7.816667080	61.108272552	0.213900000
7.825000286	60.283714294	0.219799995
7.833333969	56.506706238	0.247900009
7.841667175	52.047515869	0.283600003
7.850000381	43.571247101	0.360799998
7.858333588	35.481338501	0.450000018
7.866667271	29.430660248	0.531199992
7.875000477	22.044487000	0.656700015
7.883333683	17.258378983	0.763000011
7.891666889	14.471048355	0.839500010
7.900000572	12.688199043	0.896600008
7.908333778	49.306026459	0.307099998
7.916666985	58.519416809	0.232700005
7.925000191	58.156730652	0.235400021
7.933333874	55.207744598	0.257999986
7.941667080	49.750789642	0.303200036
7.950000286	41.610218048	0.380800009
7.958333969	32.726531982	0.485100001
7.966667175	25.433139801	0.594600022
7.975000381	21.933097839	0.658900023
7.983333588	18.513988495	0.732500017
7.991667271	18.268377304	0.738300025
8.000000000	49.567840576	0.304800004
8.008334160	42.746444702	0.369100004
8.016667366	36.107715607	0.442399979
8.025000572	31.688377380	0.499100000
8.033333778	27.675786972	0.557900012
8.041666985	24.010433197	0.619599998
8.050000191	20.568376541	0.686800003
8.058333397	16.660959244	0.778299987
8.066667557	14.216739655	0.847199976
8.075000763	12.876564026	0.890200019
8.083333969	11.876814842	0.925300002
8.091667175	32.915466309	0.482599974
8.100000381	54.600925446	0.262800008
8.108333588	51.605976105	0.287299991
8.116666794	47.840972900	0.320199996
8.125000000	44.771327972	0.349000037
8.133334160	42.501083374	0.371600002
8.141667366	40.907222748	0.388200015
8.150000572	39.500263214	0.403400004
8.158333778	38.106582642	0.419000000
8.166666985	36.677520752	0.435600042
8.175000191	35.359001160	0.451499999
8.183333397	33.993820190	0.468600035
8.191667557	32.568668365	0.487199992
8.200000763	31.347291946	0.503799975
8.208333969	29.984718323	0.523100019
8.216667175	28.589067459	0.543799996
8.225000381	27.201948166	0.565400004
8.233333588	25.781015396	0.588699996
8.241666794	24.188001633	0.616400003
8.250000000	22.740501404	0.643199980
8.258334160	21.320629120	0.671199977
8.266667366	19.476011276	0.710500002
8.275000572	18.395008087	0.735300004
8.283333778	17.370006561	0.760200024
8.291666985	16.125009537	0.792500019
8.300000191	15.627877235	0.806100011
8.308333397	15.212479591	0.817799985
8.316667557	14.797896385	0.829800010
8.325000763	14.302105904	0.844600022
8.333333969	13.889928818	0.857299984
8.341667175	13.464802742	0.870800018
8.350000381	13.067724228	0.883800030
8.358333588	17.183038712	0.764900029
8.366666794	54.087882996	0.266900003
8.375000000	53.394927979	0.272500008
8.383334160	52.553302765	0.279399991
8.391667366	51.748767853	0.286100000
8.400000572	50.792549133	0.294200003
8.408333778	50.049530029	0.300599992
8.416666985	49.351459503	0.306699991
8.425000191	48.473011017	0.314500004
8.433333397	47.533519745	0.323000014
8.441667557	46.366039276	0.333799988
8.450000763	45.216815948	0.344700009
8.458333969	44.157047272	0.354999989
8.466667175	43.341106415	0.363099992
8.475000381	42.707092285	0.369500011
8.483333588	42.198787689	0.374700040
8.491666794	41.725353241	0.379599988
8.500000000	41.257225037	0.384499997
8.508334160	40.766178131	0.389699996
8.516667366	40.448276520	0.393099993
8.525000572	40.169830322	0.396100014
8.533333778	39.874935150	0.399300009
8.541666985	39.509361267	0.403299987
8.550000191	39.102092743	0.407799989
8.558333397	38.761447906	0.411599994
8.566667557	38.459178925	0.414999992
8.575000763	38.150478363	0.418500006
8.583333969	37.774612427	0.422799975
8.591667175	37.454154968	0.426499993
8.600000381	37.102230072	0.430599988
8.608333588	36.643756866	0.436000019
8.616666794	36.299446106	0.440100014
8.625000000	35.991504669	0.443800002
8.633334160	35.661529541	0.447800040
8.641667366	35.383434296	0.451200008
8.650000572	35.083263397	0.454900026
8.658333778	34.665702820	0.460099995
8.666666985	34.332069397	0.464300007
8.675000191	34.001651764	0.468499988
8.683333397	33.596961975	0.473699987
8.691667557	33.105487823	0.480100006
8.700000763	32.658782959	0.486000001
8.708333969	32.232948303	0.491699964
8.716667175	31.827314377	0.497200012
8.725000381	31.405084610	0.503000021
8.733333588	31.038450241	0.508099973
8.741666794	30.654909134	0.513499975
8.750000000	30.178665161	0.520299971
8.758334160	29.634664536	0.528199971
8.766667366	29.174268723	0.535000026
8.775000572	28.827037811	0.540199995
8.783333778	28.523315430	0.544799984
8.791666985	28.183828354	0.550000012
8.800000191	27.861211777	0.555000007
8.808333397	27.580362320	0.559400022
8.816667557	27.258378983	0.564499974
8.825000763	26.971181870	0.569100022
8.833333969	26.717758179	0.573199987
8.841667175	26.454526901	0.577499986
8.850000381	26.205955505	0.581600010
8.858333588	25.959720612	0.585699975
8.866666794	25.745422363	0.589299977
8.875000000	25.509386063	0.593299985
8.883334160	25.246431351	0.597800016
8.891667366	24.991943359	0.602199972
8.900000572	24.797048569	0.605599999
8.908333778	24.569707870	0.609600008
8.916666985	24.372495651	0.613099992
8.925000191	24.193572998	0.616299987
8.933333397	24.027025223	0.619300008
8.941667557	23.850637436	0.622500002
8.950000763	23.686450958	0.625500023
8.958333969	23.534229279	0.628300011
8.966667175	23.393756866	0.630900025
8.975000381	23.275554657	0.633099973
8.983333588	23.163274765	0.635200024
8.991666794	23.046237946	0.637399971
9.000000000	22.908678055	0.639999986
9.008334160	22.771938324	0.642600000
9.016667366	22.646444321	0.644999981
9.025000572	22.490545273	0.648000002
9.033333778	22.315158844	0.651400030
9.041666985	22.120758057	0.655200005
9.050000191	21.917953491	0.659200013
9.058333397	21.772083282	0.662100017
9.066667557	21.622207642	0.665099978
9.075000763	21.473360062	0.668099999
9.083333969	21.330448151	0.671000004
9.091667175	21.183610916	0.674000025
9.100000381	21.052322388	0.676699996
9.108333588	20.936304092	0.679099977
9.116666794	20.825717926	0.681400001
9.125000000	20.730033875	0.683399975
9.133334160	20.630035400	0.685500026
9.141667366	20.516344070	0.687900007
9.150000572	20.398582458	0.690400004
9.158333778	20.281496048	0.692900002
9.166666985	20.160438538	0.695500016
9.175000191	20.058570862	0.697700024
9.183333397	19.957220078	0.699899971
9.191667557	19.851804733	0.702199996
9.200000763	19.765144348	0.704100013
9.208333969	19.678863525	0.705999970
9.216667175	19.579429626	0.708199978
9.225000381	19.467044830	0.710699975
9.233333588	19.373138428	0.712800026
9.241666794	19.266374588	0.715200007
9.250000954	19.146968842	0.717899978
9.258334160	19.045833588	0.720200002
9.266667366	18.940874100	0.722599983
9.275000572	18.853847504	0.724600017
9.283333778	18.762901306	0.726700008
9.291666985	18.650907516	0.729300022
9.300000191	18.509727478	0.732599974
9.308333397	18.382307053	0.735599995
9.316667557	18.259967804	0.738499999
9.325000763	18.150976181	0.741100013
9.333333969	18.055105209	0.743399978
9.341667175	17.955602646	0.745800018
9.350000381	17.877222061	0.747699976
9.358333588	17.770515442	0.750299990
9.366666794	17.627878189	0.753799975
9.375000954	17.206796646	0.764299989
9.383334160	15.874497414	0.799300015
9.391667366	13.762584686	0.861299992
9.400000572	10.942082405	0.960900009
9.408333778	14.511089325	0.838299990
9.416666985	42.121128082	0.375499994
9.425000191	27.308633804	0.563700020
9.433333397	18.608013153	0.730300009
9.441667557	12.223624229	0.912800014
9.450000763	9.817479134	1.008000016
9.458333969	18.042634964	0.743700027
9.466667175	53.161838531	0.274399996
9.475000381	48.876487732	0.310900003
9.483333588	38.823974609	0.410899997
9.491666794	26.847261429	0.571099997
9.500000954	16.799640656	0.774699986
9.508334160	9.532350540	1.020799994
9.516667366	12.089268684	0.917599976
9.525000572	39.655189514	0.401699960
9.533333778	13.019670486	0.885399997
9.541666985	10.899334908	0.962599993
9.550000191	6.698845863	1.174000025
9.558333397	7.868646145	1.104099989
9.566667557	4.309233189	1.365599990
9.575000763	15.079953194	0.821600020
9.583333969	17.374006271	0.760100007
9.591667175	4.829475880	1.316100001
9.600000381	16.110164642	0.792900026
9.608333588	3.850348234	1.414499998
9.616666794	2.458668470	1.609300017
9.625000954	8.375292778	1.077000022
9.633334160	3.033891201	1.518000007
9.641667366	2.383416891	1.622799993
9.650000572	2.448499680	1.611099958
9.658333778	4.527933121	1.344099998
9.666666985	4.225713253	1.374099970
9.675000191	3.833540440	1.416399956
9.683333397	4.506091595	1.346199989
9.691667557	4.141903877	1.382799983
9.700000763	3.640826941	1.438799977
9.708333969	2.610958815	1.583199978
9.716667175	4.039243221	1.393700004
9.725000381	3.571084023	1.447199941
9.733333588	3.403298616	1.468099952
9.741666794	3.171027184	1.498800039
9.750000954	3.006076574	1.521999955
9.758334160	3.959131956	1.402400017
9.766667366	4.246195793	1.371999979
9.775000572	4.198556900	1.376899958
9.783333778	4.142858028	1.382699966
9.791666985	4.065369129	1.390900016
9.800000191	3.995765924	1.398399949
9.808333397	3.959131956	1.402400017
9.816667557	3.959131956	1.402400017
9.825000763	3.952755928	1.403100014
9.833333969	3.926449299	1.406000018
9.841667175	3.841492176	1.415500045
9.850000381	3.723059416	1.429100037
9.858333588	3.602466583	1.443400025
9.866666794	3.519654036	1.453500032
9.875000954	3.472961426	1.459300041
9.883334160	3.439537048	1.463500023
9.891667366	3.411929131	1.467000008
9.900000572	3.390783072	1.469699979
9.908333778	3.363566637	1.473199964
9.916666985	3.333496332	1.477100015
9.925000191	3.334264040	1.476999998
9.933333397	4.719543457	1.326099992
9.941667557	4.659078598	1.331699967
9.950000763	4.597270012	1.337499976
9.958333969	4.554073811	1.341599941
9.966667175	4.524806023	1.344400048
9.975000381	3.972830057	1.400900006
9.983333588	2.513622284	1.599699974
9.991666794	2.217175245	1.654199958
10.000000954	1.639456868	1.785300016
10.008334160	0.940372646	2.026700020
10.016667366	0.372649074	2.428699970
10.025000572	0.487416327	2.312099934
10.033333778	0.349140316	2.457000017
10.041666985	0.446580708	2.350100040
10.050000191	0.761728048	2.118200064
10.058333397	0.475992292	2.322400093
10.066667557	1.025415778	1.989099979
10.075000763	1.371513247	1.862800002
10.083333969	0.214091793	2.669399977
10.091667175	0.421308219	2.375400066
10.100000381	1.258925438	1.899999976
10.108333588	0.529541612	2.276099920
10.116666794	11.476250648	0.940199971
10.125000954	79.707649231	0.098499998
10.133334160	90.053375244	0.045500007
10.141667366	92.512413025	0.033799991
10.150000572	93.025070190	0.031399995
10.158333778	93.389923096	0.029699983
10.166666985	93.583656311	0.028799990
10.175000191	93.540565491	0.029000008
10.183333397	93.411422729	0.029600013
10.191667557	92.939430237	0.031799994
10.200000763	92.555023193	0.033600006
10.208333969	92.725677490	0.032799985
10.216667175	92.661643982	0.033099998
10.225000381	92.172210693	0.035399996
10.233333588	93.003654480	0.031499986
10.241666794	93.089347839	0.031100012
10.250000954	92.853866577	0.032200009
10.258334160	92.682983398	0.032999996
10.266667366	93.110786438	0.031000005
10.275000572	93.153678894	0.030799989
10.283333778	92.853866577	0.032200009
10.291666985	93.110786438	0.031000005
10.300000191	93.368415833	0.029800009
10.308333397	93.218048096	0.030499995
10.316667557	93.132232666	0.030899985
10.325000763	93.475975037	0.029299997
10.333333969	93.282463074	0.030199995
10.341667175	93.282463074	0.030199995
10.350000381	93.389923096	0.029699983
10.358333588	93.325431824	0.029999992
10.366666794	93.218048096	0.030499995
10.375000954	92.896636963	0.032000009
10.383334160	93.196586609	0.030599995
10.391667366	93.540565491	0.029000008
10.400000572	93.260986328	0.030299995
10.408333778	93.282463074	0.030199995
10.416666985	93.713035583	0.028199995
10.425000191	93.799385071	0.027800009
10.433334351	93.562110901	0.028899988
10.441667557	93.842590332	0.027600013
10.450000763	94.145591736	0.026200011
10.458333969	93.972328186	0.027000014
10.466667175	93.950698853	0.027099986
10.475000381	94.297462463	0.025499994
10.483333588	94.449569702	0.024800016
10.491666794	94.210647583	0.025900012
10.500000954	94.406089783	0.024999989
10.508334160	94.645507813	0.023899995
10.516667366	94.667304993	0.023799986
10.525000572	94.885536194	0.022799984
10.533333778	94.972969055	0.022399984
10.541666985	95.038597107	0.022099983
10.550000191	94.820007324	0.023100015
10.558334351	94.951103210	0.022499984
10.566667557	95.279617310	0.020999996
10.575000763	95.148071289	0.021600010
10.583333969	95.104263306	0.021800015
10.591667175	95.411338806	0.020400010
10.600000381	95.455291748	0.020199990
10.608333588	95.279617310	0.020999996
10.616666794	95.433311462	0.020300006
10.625000954	95.675338745	0.019199992
10.633334160	95.499259949	0.019999994
10.641667366	95.521247864	0.019900013
10.650000572	95.807609558	0.018599996
10.658333778	95.741447449	0.018900011
10.666666985	95.587257385	0.019599998
10.675000191	95.785552979	0.018699989
10.683334351	95.807609558	0.018599996
10.691667557	95.587257385	0.019599998
10.700000763	95.565246582	0.019700015
10.708333969	95.345458984	0.020699987
10.716667175	94.929237366	0.022600008
10.725000381	94.667304993	0.023799986
10.733333588	94.601928711	0.024100009
10.741666794	94.493080139	0.024599994
10.750000954	94.449569702	0.024800016
10.758334160	94.536605835	0.024399994
10.766667366	94.558372498	0.024300011
10.775000572	94.514839172	0.024500001
10.783333778	94.558372498	0.024300011
10.791666985	94.623718262	0.023999991
10.800000191	94.645507813	0.023899995
10.808334351	94.689102173	0.023700001
10.816667557	94.863685608	0.022900006
10.825000763	94.820007324	0.023100015
10.833333969	94.798179626	0.023200002
10.841667175	94.863685608	0.022900006
10.850000381	94.972969055	0.022399984
10.858333588	94.929237366	0.022600008
10.866666794	94.951103210	0.022499984
10.875000954	94.994834900	0.022300007
10.883334160	94.885536194	0.022799984
10.891667366	94.754531860	0.023400011
10.900000572	94.754531860	0.023400011
10.908333778	94.863685608	0.022900006
10.916666985	94.754531860	0.023400011
10.925000191	94.776351929	0.023300013
10.933334351	94.972969055	0.022399984
10.941667557	94.951103210	0.022499984
10.950000763	94.951103210	0.022499984
10.958333969	95.038597107	0.022099983
10.966667175	95.082366943	0.021900015
10.975000381	95.038597107	0.022099983
10.983333588	95.060478210	0.022000005
10.991666794	95.060478210	0.022000005
11.000000954	95.038597107	0.022099983
11.008334160	95.038597107	0.022099983
11.016667366	95.082366943	0.021900015
11.025000572	95.038597107	0.022099983
11.033333778	94.994834900	0.022300007
11.041666985	95.126167297	0.021700000
11.050000191	95.367408752	0.020600017
11.058334351	95.257682800	0.021099987
11.066667557	95.191902161	0.021399995
11.075000763	95.257682800	0.021099987
11.083333969	95.235748291	0.021200001
11.091667175	95.126167297	0.021700000
11.100000381	95.191902161	0.021399995
11.108333588	95.235748291	0.021200001
11.116666794	95.104263306	0.021800015
11.125000954	94.972969055	0.022399984
11.133334160	95.038597107	0.022099983
11.141667366	95.126167297	0.021700000
11.150000572	95.169982910	0.021500008
11.158333778	95.257682800	0.021099987
11.166666985	95.411338806	0.020400010
11.175000191	95.455291748	0.020199990
11.183334351	95.521247864	0.019900013
11.191667557	95.477272034	0.020099998
11.200000763	95.433311462	0.020300006
11.208333969	95.411338806	0.020400010
11.216667175	95.411338806	0.020400010
11.225000381	95.235748291	0.021200001
11.233333588	95.060478210	0.022000005
11.241666794	94.929237366	0.022600008
11.250000954	94.929237366	0.022600008
11.258334160	94.951103210	0.022499984
11.266667366	95.016716003	0.022199985
11.275000572	95.213821411	0.021300005
11.283333778	95.148071289	0.021600010
11.291666985	95.038597107	0.022099983
11.300000191	95.060478210	0.022000005
11.308334351	95.082366943	0.021900015
11.316667557	94.994834900	0.022300007
11.325000763	95.016716003	0.022199985
11.333333969	95.082366943	0.021900015
11.341667175	95.104263306	0.021800015
11.350000381	95.082366943	0.021900015
11.358333588	95.126167297	0.021700000
11.366666794	95.169982910	0.021500008
11.375000954	95.148071289	0.021600010
11.383334160	95.169982910	0.021500008
11.391667366	95.301559448	0.020899992
11.400000572	95.323501587	0.020800013
11.408333778	95.323501587	0.020800013
11.416666985	95.411338806	0.020400010
11.425000191	95.565246582	0.019700015
11.433334351	95.433311462	0.020300006
11.441667557	95.345458984	0.020699987
11.450000763	95.323501587	0.020800013
11.458333969	95.323501587	0.020800013
11.466667175	95.279617310	0.020999996
11.475000381	95.257682800	0.021099987
11.483333588	95.235748291	0.021200001
11.491666794	95.213821411	0.021300005
11.500000954	95.169982910	0.021500008
11.508334160	95.169982910	0.021500008
11.516667366	95.169982910	0.021500008
11.525000572	95.148071289	0.021600010
11.533333778	95.169982910	0.021500008
11.541666985	95.148071289	0.021600010
11.550000191	95.148071289	0.021600010
11.558334351	95.148071289	0.021600010
11.566667557	95.148071289	0.021600010
11.575000763	95.126167297	0.021700000
11.583333969	95.148071289	0.021600010
11.591667175	95.148071289	0.021600010
11.600000381	95.126167297	0.021700000
11.608333588	95.104263306	0.021800015
11.616667747	95.082366943	0.021900015
11.625000954	95.104263306	0.021800015
11.633334160	95.104263306	0.021800015
11.641667366	95.082366943	0.021900015
11.650000572	95.433311462	0.020300006
11.658333778	95.587257385	0.019599998
11.666666985	95.323501587	0.020800013
11.675000191	95.191902161	0.021399995
11.683334351	95.257682800	0.021099987
11.691667557	95.367408752	0.020600017
11.700000763	95.411338806	0.020400010
11.708333969	95.367408752	0.020600017
11.716667175	95.521247864	0.019900013
11.725000381	95.543251038	0.019799985
11.733333588	95.411338806	0.020400010
11.741667747	95.455291748	0.020199990
11.750000954	95.521247864	0.019900013
11.758334160	95.543251038	0.019799985
11.766667366	95.543251038	0.019799985
11.775000572	95.543251038	0.019799985
11.783333778	95.521247864	0.019900013
11.791666985	95.499259949	0.019999994
11.800000191	95.455291748	0.020199990
11.808334351	95.411338806	0.020400010
11.816667557	95.389373779	0.020500002
11.825000763	95.345458984	0.020699987
11.833333969	95.323501587	0.020800013
11.841667175	95.345458984	0.020699987
11.850000381	95.345458984	0.020699987
11.858333588	95.367408752	0.020600017
11.866667747	95.389373779	0.020500002
11.875000954	95.389373779	0.020500002
11.883334160	95.389373779	0.020500002
11.891667366	95.389373779	0.020500002
11.900000572	95.389373779	0.020500002
11.908333778	95.389373779	0.020500002
11.916666985	95.389373779	0.020500002
11.925000191	95.389373779	0.020500002
11.933334351	95.411338806	0.020400010
11.941667557	95.411338806	0.020400010
11.950000763	95.411338806	0.020400010
11.958333969	95.411338806	0.020400010
11.966667175	95.411338806	0.020400010
11.975000381	95.411338806	0.020400010
11.983333588	95.411338806	0.020400010
11.991667747	95.411338806	0.020400010
12.000000954	95.389373779	0.020500002
12.008334160	95.323501587	0.020800013
12.016667366	95.279617310	0.020999996
12.025000572	95.323501587	0.020800013
12.033333778	95.345458984	0.020699987
12.041666985	95.345458984	0.020699987
12.050000191	95.345458984	0.020699987
12.058334351	95.367408752	0.020600017
12.066667557	95.367408752	0.020600017
12.075000763	95.389373779	0.020500002
12.083333969	95.389373779	0.020500002
12.091667175	95.411338806	0.020400010
12.100000381	95.411338806	0.020400010
12.108333588	95.389373779	0.020500002
12.116667747	95.389373779	0.020500002
12.125000954	95.367408752	0.020600017
12.133334160	95.389373779	0.020500002
12.141667366	95.367408752	0.020600017
12.150000572	95.367408752	0.020600017
12.158333778	95.411338806	0.020400010
12.166666985	95.499259949	0.019999994
12.175000191	95.587257385	0.019599998
12.183334351	95.653312683	0.019299984
12.191667557	95.675338745	0.019199992
12.200000763	95.675338745	0.019199992
12.208333969	95.675338745	0.019199992
12.216667175	95.653312683	0.019299984
12.225000381	95.631286621	0.019400001
12.233333588	95.609268188	0.019500006
12.241667747	95.565246582	0.019700015
12.250000954	95.543251038	0.019799985
12.258334160	95.543251038	0.019799985
12.266667366	95.543251038	0.019799985
12.275000572	95.543251038	0.019799985
12.283333778	95.543251038	0.019799985
12.291666985	95.521247864	0.019900013
12.300000191	95.521247864	0.019900013
12.308334351	95.499259949	0.019999994
12.316667557	95.499259949	0.019999994
12.325000763	95.477272034	0.020099998
12.333333969	95.499259949	0.019999994
12.341667175	95.499259949	0.019999994
12.350000381	95.477272034	0.020099998
12.358333588	95.477272034	0.020099998
12.366667747	95.521247864	0.019900013
12.375000954	95.521247864	0.019900013
12.383334160	95.521247864	0.019900013
12.391667366	95.521247864	0.019900013
12.400000572	95.521247864	0.019900013
12.408333778	95.543251038	0.019799985
12.416666985	95.543251038	0.019799985
12.425000191	95.543251038	0.019799985
12.433334351	95.565246582	0.019700015
12.441667557	95.587257385	0.019599998
12.450000763	95.543251038	0.019799985
12.458333969	95.521247864	0.019900013
12.466667175	95.543251038	0.019799985
12.475000381	95.565246582	0.019700015
12.483333588	95.543251038	0.019799985
12.491667747	95.499259949	0.019999994
12.500000954	95.477272034	0.020099998
12.508334160	95.543251038	0.019799985
12.516667366	95.565246582	0.019700015
12.525000572	95.609268188	0.019500006
12.533333778	95.609268188	0.019500006
12.541666985	95.631286621	0.019400001
12.550000191	95.631286621	0.019400001
12.558334351	95.675338745	0.019199992
12.566667557	95.675338745	0.019199992
12.575000763	95.675338745	0.019199992
12.583333969	95.675338745	0.019199992
12.591667175	95.675338745	0.019199992
12.600000381	95.675338745	0.019199992
12.608333588	95.675338745	0.019199992
12.616667747	95.653312683	0.019299984
12.625000954	95.653312683	0.019299984
12.633334160	95.609268188	0.019500006
12.641667366	95.873809814	0.018300014
12.650000572	95.984252930	0.017800011
12.658333778	95.851737976	0.018400008
12.666666985	95.719406128	0.019000005
12.675000191	95.697372437	0.019099986
12.683334351	95.741447449	0.018900011
12.691667557	95.785552979	0.018699989
12.700000763	95.807609558	0.018599996
12.708333969	95.807609558	0.018599996
12.716667175	95.807609558	0.018599996
12.725000381	95.763496399	0.018800005
12.733333588	95.763496399	0.018800005
12.741667747	95.763496399	0.018800005
12.750000954	95.763496399	0.018800005
12.758334160	95.785552979	0.018699989
12.766667366	95.785552979	0.018699989
12.775000572	95.807609558	0.018599996
12.783333778	95.807609558	0.018599996
12.791666985	95.807609558	0.018599996
12.800001144	95.807609558	0.018599996
12.808334351	95.807609558	0.018599996
12.816667557	95.807609558	0.018599996
12.825000763	95.785552979	0.018699989
12.833333969	95.763496399	0.018800005
12.841667175	95.763496399	0.018800005
12.850000381	95.763496399	0.018800005
12.858333588	95.763496399	0.018800005
12.866667747	95.763496399	0.018800005
12.875000954	95.785552979	0.018699989
12.883334160	95.763496399	0.018800005
12.891667366	95.763496399	0.018800005
12.900000572	95.785552979	0.018699989
12.908333778	95.785552979	0.018699989
12.916666985	95.763496399	0.018800005
12.925001144	95.785552979	0.018699989
12.933334351	95.785552979	0.018699989
12.941667557	95.785552979	0.018699989
12.950000763	95.763496399	0.018800005
12.958333969	95.763496399	0.018800005
12.966667175	95.763496399	0.018800005
12.975000381	95.785552979	0.018699989
12.983333588	95.785552979	0.018699989
12.991667747	95.785552979	0.018699989
13.000000954	95.785552979	0.018699989
13.008334160	95.785552979	0.018699989
13.016667366	95.785552979	0.018699989
13.025000572	95.785552979	0.018699989
13.033333778	95.785552979	0.018699989
13.041666985	95.785552979	0.018699989
13.050001144	95.807609558	0.018599996
13.058334351	95.807609558	0.018599996
13.066667557	95.829673767	0.018499991
13.075000763	95.895889282	0.018200008
13.083333969	96.006362915	0.017699983
13.091667175	96.050582886	0.017499994
13.100000381	96.139091492	0.017099986
13.108333588	96.227676392	0.016700001
13.116667747	96.316345215	0.016300006
13.125000954	96.382904053	0.015999993
13.133334160	96.449501038	0.015700014
13.141667366	96.493934631	0.015499985
13.150000572	96.493934631	0.015499985
13.158333778	96.493934631	0.015499985
13.166666985	96.471717834	0.015599988
13.175001144	96.471717834	0.015599988
13.183334351	96.471717834	0.015599988
13.191667557	96.449501038	0.015700014
13.200000763	96.449501038	0.015700014
13.208333969	96.449501038	0.015700014
13.216667175	96.449501038	0.015700014
13.225000381	96.449501038	0.015700014
13.233333588	96.449501038	0.015700014
13.241667747	96.471717834	0.015599988
13.250000954	96.694107056	0.014599993
13.258334160	96.917007446	0.013600004
13.266667366	97.095703125	0.012799989
13.275000572	97.207550049	0.012300002
13.283333778	97.297126770	0.011899984
13.291666985	97.341941833	0.011699994
13.300001144	97.341941833	0.011699994
13.308334351	97.297126770	0.011899984
13.316667557	97.274719238	0.012000014
13.325000763	97.162796021	0.012499996
13.333333969	96.983978271	0.013300005
13.341667175	96.894691467	0.013700016
13.350000381	96.783203125	0.014200008
13.358333588	96.738647461	0.014399989
13.366667747	96.649589539	0.014799986
13.375000954	96.716369629	0.014500014
13.383334160	96.738647461	0.014399989
13.391667366	96.716369629	0.014500014
13.400000572	96.716369629	0.014500014
13.408333778	96.716369629	0.014500014
13.416666985	96.716369629	0.014500014
13.425001144	96.694107056	0.014599993
13.433334351	96.694107056	0.014599993
13.441667557	96.716369629	0.014500014
13.450000763	96.671844482	0.014699996
13.458333969	96.671844482	0.014699996
13.466667175	96.671844482	0.014699996
13.475000381	96.671844482	0.014699996
13.483333588	96.671844482	0.014699996
13.491667747	96.649589539	0.014799986
13.500000954	96.649589539	0.014799986
13.508334160	96.649589539	0.014799986
13.516667366	96.649589539	0.014799986
13.525000572	96.671844482	0.014699996
