Vernier Format 2
Untitled.sbl	16:20  Wednesday, March 27, 2019
Latest
Time	Transmittance	Absorbance
Time	%Trans	Abs
min	%	

0.000000000	100.000000000	0.000000000
0.008333334	100.000000000	0.000000000
0.016666668	100.000000000	0.000000000
0.025000002	100.000000000	0.000000000
0.033333335	100.000000000	0.000000000
0.041666668	100.000000000	0.000000000
0.050000004	100.000000000	0.000000000
0.058333337	100.000000000	0.000000000
0.066666670	100.000000000	0.000000000
0.075000003	100.000000000	0.000000000
0.083333336	100.000000000	0.000000000
0.091666669	100.000000000	0.000000000
0.100000009	100.000000000	0.000000000
0.108333342	100.000000000	0.000000000
0.116666675	100.000000000	0.000000000
0.125000000	100.000000000	0.000000000
0.133333340	100.000000000	0.000000000
0.141666681	100.000000000	0.000000000
0.150000006	100.000000000	0.000000000
0.158333346	100.000000000	0.000000000
0.166666672	100.000000000	0.000000000
0.175000012	100.000000000	0.000000000
0.183333337	100.000000000	0.000000000
0.191666678	100.000000000	0.000000000
0.200000018	100.000000000	0.000000000
0.208333343	100.000000000	0.000000000
0.216666684	100.000000000	0.000000000
0.225000009	100.000000000	0.000000000
0.233333349	100.000000000	0.000000000
0.241666675	100.000000000	0.000000000
0.250000000	100.000000000	0.000000000
0.258333355	100.000000000	0.000000000
0.266666681	100.000000000	0.000000000
0.275000006	100.000000000	0.000000000
0.283333361	100.000000000	0.000000000
0.291666687	100.000000000	0.000000000
0.300000012	100.000000000	0.000000000
0.308333337	100.000000000	0.000000000
0.316666692	100.000000000	0.000000000
0.325000018	100.000000000	0.000000000
0.333333343	100.000000000	0.000000000
0.341666698	100.000000000	0.000000000
0.350000024	100.000000000	0.000000000
0.358333349	100.000000000	0.000000000
0.366666675	100.000000000	0.000000000
0.375000030	100.000000000	0.000000000
0.383333355	100.000000000	0.000000000
0.391666681	100.000000000	0.000000000
0.400000036	100.000000000	0.000000000
0.408333361	100.000000000	0.000000000
0.416666687	100.000000000	0.000000000
0.425000012	100.000000000	0.000000000
0.433333367	100.000000000	0.000000000
0.441666692	100.000000000	0.000000000
0.450000018	100.000000000	0.000000000
0.458333343	100.000000000	0.000000000
0.466666698	100.000000000	0.000000000
0.475000024	100.000000000	0.000000000
0.483333349	100.000000000	0.000000000
0.491666704	100.000000000	0.000000000
0.500000000	100.000000000	0.000000000
0.508333385	100.000000000	0.000000000
0.516666710	100.000000000	0.000000000
0.525000036	100.000000000	0.000000000
0.533333361	100.000000000	0.000000000
0.541666687	100.000000000	0.000000000
0.550000012	100.000000000	0.000000000
0.558333337	100.000000000	0.000000000
0.566666722	100.000000000	0.000000000
0.575000048	100.000000000	0.000000000
0.583333373	100.000000000	0.000000000
0.591666698	100.000000000	0.000000000
0.600000024	100.000000000	0.000000000
0.608333349	100.000000000	0.000000000
0.616666675	100.000000000	0.000000000
0.625000060	100.000000000	0.000000000
0.633333385	100.000000000	0.000000000
0.641666710	100.000000000	0.000000000
0.650000036	100.000000000	0.000000000
0.658333361	100.000000000	0.000000000
0.666666687	100.000000000	0.000000000
0.675000012	100.000000000	0.000000000
0.683333397	100.000000000	0.000000000
0.691666722	99.861938477	0.000600008
0.700000048	100.000000000	0.000000000
0.708333373	100.000000000	0.000000000
0.716666698	99.815963745	0.000799996
0.725000024	99.792984009	0.000899991
0.733333349	99.930946350	0.000300000
0.741666734	99.517623901	0.002100002
0.750000060	99.471801758	0.002300015
0.758333385	99.770004272	0.001000009
0.766666710	99.678153992	0.001400014
0.775000036	99.586395264	0.001799988
0.783333361	99.747039795	0.001099984
0.791666687	99.243026733	0.003299999
0.800000072	99.678153992	0.001400014
0.808333397	99.083190918	0.004000016
0.816666722	99.426010132	0.002499988
0.825000048	99.197334290	0.003499998
0.833333373	99.151664734	0.003699990
0.841666698	99.197334290	0.003499998
0.850000024	99.014770508	0.004300015
0.858333349	98.878074646	0.004899999
0.866666734	98.946403503	0.004599987
0.875000060	98.469108582	0.006699994
0.883333385	98.605239868	0.006100006
0.891666710	98.287887573	0.007499999
0.900000036	98.197402954	0.007899998
0.908333361	98.107002258	0.008299994
0.916666687	97.791252136	0.009699993
0.925000072	97.701225281	0.010099989
0.933333397	97.364356995	0.011600000
0.941666722	97.006317139	0.013199983
0.950000048	96.760925293	0.014299987
0.958333373	96.272003174	0.016499992
0.966666698	95.829673767	0.018499991
0.975000024	95.389373779	0.020500002
0.983333409	94.645507813	0.023899995
0.991666734	94.102249146	0.026399996
1.000000000	93.519027710	0.029100018
1.008333445	92.405960083	0.034300018
1.016666770	90.823867798	0.041800007
1.025000095	90.032646179	0.045599986
1.033333421	88.307991028	0.053999994
1.041666746	86.976112366	0.060600009
1.050000072	85.901351929	0.066000000
1.058333397	82.851425171	0.081700020
1.066666722	80.890960693	0.092100009
1.075000048	78.722702026	0.103900008
1.083333373	74.028678894	0.130600005
1.091666698	70.794578552	0.150000006
1.100000024	67.514961243	0.170599982
1.108333349	61.616920471	0.210300013
1.116666675	55.847019196	0.252999991
1.125000000	51.062255859	0.291900009
1.133333445	46.078678131	0.336499989
1.141666770	40.709896088	0.390300006
1.150000095	35.237087250	0.453000009
1.158333421	29.977817535	0.523199975
1.166666746	25.603538513	0.591700017
1.175000072	21.732017517	0.662899971
1.183333397	18.390771866	0.735400021
1.191666722	15.456104279	0.810899973
1.200000048	13.375190735	0.873700023
1.208333373	11.510654449	0.938899994
1.216666698	9.685007095	1.013900042
1.225000024	8.450842857	1.073099971
1.233333349	7.363766193	1.132900000
1.241666675	6.493816376	1.187500000
1.250000119	5.758376122	1.239699960
1.258333445	5.152286530	1.287999988
1.266666770	4.617426395	1.335600019
1.275000095	4.155277252	1.381399989
1.283333421	3.830892801	1.416700006
1.291666746	3.548950672	1.449900031
1.300000072	3.321237803	1.478700042
1.308333397	3.136895180	1.503499985
1.316666722	2.990887165	1.524199963
1.325000048	2.856932402	1.544100046
1.333333373	2.745363951	1.561400056
1.341666698	2.663177013	1.574599981
1.350000024	2.588809013	1.586899996
1.358333349	2.529298067	1.597000003
1.366666794	2.479133844	1.605700016
1.375000119	2.437810659	1.613000035
1.383333445	2.402702570	1.619300008
1.391666770	2.369190931	1.625399947
1.400000095	2.343149424	1.630200028
1.408333421	2.321132898	1.634299994
1.416666746	2.300911903	1.638100028
1.425000072	2.280342340	1.641999960
1.433333397	2.266208887	1.644700050
1.441666722	2.252682447	1.647300005
1.450000048	2.242332458	1.649299979
1.458333373	2.231516123	1.651399970
1.466666698	2.221263409	1.653399944
1.475000024	2.208513260	1.655900002
1.483333468	2.204448700	1.656700015
1.491666794	2.200898409	1.657400012
1.500000119	2.191795588	1.659199953
1.508333445	2.190786362	1.659399986
1.516666770	2.185244083	1.660500050
1.525000095	2.173702240	1.662799954
1.533333421	2.169701815	1.663599968
1.541666746	2.169701815	1.663599968
1.550000072	2.161722898	1.665199995
1.558333397	2.160727262	1.665400028
1.566666722	2.156254053	1.666300058
1.575000048	2.154765606	1.666599989
1.583333373	2.154269218	1.666700006
1.591666698	2.152781487	1.667000055
1.600000143	2.148325205	1.667899966
1.608333468	2.145359278	1.668499947
1.616666794	2.142890453	1.669000030
1.625000119	2.138946772	1.669800043
1.633333445	2.136977911	1.670199990
1.641666770	2.135501862	1.670500040
1.650000095	2.133044958	1.671000004
1.658333421	2.129609585	1.671700001
1.666666746	2.124711514	1.672700047
1.675000072	2.122755766	1.673099995
1.683333397	2.120801687	1.673499942
1.691666722	2.118849039	1.673900008
1.700000048	2.116898537	1.674299955
1.708333373	2.114462376	1.674800038
1.716666698	2.115923643	1.674499989
1.725000143	2.114949465	1.674700022
1.733333468	2.113489389	1.674999952
1.741666794	2.111543179	1.675400019
1.750000119	2.109599590	1.675799966
1.758333445	2.106687069	1.676399946
1.766666770	2.105717182	1.676599979
1.775000095	2.103294373	1.677099943
1.783333421	2.100873947	1.677600026
1.791666746	2.100873947	1.677600026
1.800000072	2.098456621	1.678099990
1.808333397	2.099423409	1.677899957
1.816666722	2.097007275	1.678400040
1.825000048	2.097490311	1.678300023
1.833333373	2.095559597	1.678699970
1.841666818	2.094594717	1.678900003
1.850000143	2.094112396	1.679000020
1.858333468	2.091221333	1.679600000
1.866666794	2.089296341	1.679999948
1.875000119	2.087853432	1.680299997
1.883333445	2.087853432	1.680299997
1.891666770	2.088815212	1.680099964
1.900000095	2.087372541	1.680400014
1.908333421	2.087853432	1.680299997
1.916666746	2.087853432	1.680299997
1.925000072	2.086891890	1.680500031
1.933333397	2.085931540	1.680699944
1.941666722	2.085451126	1.680799961
1.950000048	2.084010839	1.681100011
1.958333492	2.081613064	1.681599975
1.966666818	2.082572222	1.681399941
1.975000143	2.081133842	1.681699991
1.983333468	2.080175400	1.681900024
1.991666794	2.081133842	1.681699991
2.000000000	2.079696417	1.682000041
2.008333445	2.081133842	1.681699991
2.016666889	2.078739405	1.682199955
2.025000095	2.079217672	1.682100058
2.033333540	2.077303648	1.682500005
2.041666746	2.077782154	1.682399988
2.050000191	2.076347113	1.682700038
2.058333397	2.073480606	1.683300018
2.066666842	2.073480606	1.683300018
2.075000048	2.074913740	1.682999969
2.083333492	2.073480606	1.683300018
2.091666698	2.073958158	1.683200002
2.100000143	2.072049141	1.683599949
2.108333349	2.073003054	1.683400035
2.116666794	2.071094990	1.683799982
2.125000000	2.071094990	1.683799982
2.133333445	2.070141315	1.684000015
2.141666889	2.068711996	1.684299946
2.150000095	2.070141315	1.684000015
2.158333540	2.069664478	1.684100032
2.166666746	2.068711996	1.684299946
2.175000191	2.066807270	1.684700012
2.183333397	2.066331387	1.684800029
2.191666842	2.066807270	1.684700012
2.200000048	2.065855503	1.684900045
2.208333492	2.066331387	1.684800029
2.216666698	2.065855503	1.684900045
2.225000143	2.063003540	1.685500026
2.233333349	2.065855503	1.684900045
2.241666794	2.065380335	1.684999943
2.250000000	2.064429283	1.685199976
2.258333445	2.063953876	1.685299993
2.266666889	2.063953876	1.685299993
2.275000095	2.063953876	1.685299993
2.283333540	2.062528610	1.685600042
2.291666746	2.063003540	1.685500026
2.300000191	2.061579227	1.685799956
2.308333397	2.062528610	1.685600042
2.316666842	2.061104536	1.685899973
2.325000048	2.061579227	1.685799956
2.333333492	2.060155392	1.686100006
2.341666698	2.060629845	1.685999990
2.350000143	2.061104536	1.685899973
2.358333349	2.060155392	1.686100006
2.366666794	2.059681177	1.686200023
2.375000238	2.058259010	1.686499953
2.383333445	2.058732510	1.686400056
2.391666889	2.056837559	1.686800003
2.400000095	2.055890322	1.687000036
2.408333540	2.056364059	1.686900020
2.416666746	2.057311296	1.686699986
2.425000191	2.053997993	1.687399983
2.433333397	2.055417061	1.687100053
2.441666842	2.055417061	1.687100053
2.450000048	2.055890322	1.687000036
2.458333492	2.053997993	1.687399983
2.466666698	2.053997993	1.687399983
2.475000143	2.053997993	1.687399983
2.483333349	2.052579403	1.687700033
2.491666794	2.051634789	1.687899947
2.500000238	2.053524971	1.687500000
2.508333445	2.053524971	1.687500000
2.516666889	2.053052187	1.687600017
2.525000095	2.051634789	1.687899947
2.533333540	2.050689936	1.688099980
2.541666746	2.051162243	1.687999964
2.550000191	2.050689936	1.688099980
2.558333397	2.049273729	1.688400030
2.566666842	2.049273729	1.688400030
2.575000048	2.050217867	1.688199997
2.583333492	2.049273729	1.688400030
2.591666698	2.048801899	1.688500047
2.600000143	2.048330545	1.688599944
2.608333588	2.047387362	1.688799977
2.616666794	2.047858953	1.688699961
2.625000238	2.047858953	1.688699961
2.633333445	2.047858953	1.688699961
2.641666889	2.045973301	1.689100027
2.650000095	2.046444654	1.689000010
2.658333540	2.046444654	1.689000010
2.666666746	2.046916008	1.688899994
2.675000191	2.046444654	1.689000010
2.683333397	2.046444654	1.689000010
2.691666842	2.046444654	1.689000010
2.700000048	2.045973301	1.689100027
2.708333492	2.043148756	1.689700007
2.716666698	2.045973301	1.689100027
2.725000143	2.046444654	1.689000010
2.733333588	2.044560909	1.689399958
2.741666794	2.045031786	1.689299941
2.750000238	2.044560909	1.689399958
2.758333445	2.043619394	1.689599991
2.766666889	2.043148756	1.689700007
2.775000095	2.043148756	1.689700007
2.783333540	2.043619394	1.689599991
2.791666746	2.042678356	1.689800024
2.800000191	2.043148756	1.689700007
2.808333397	2.042678356	1.689800024
2.816666842	2.043148756	1.689700007
2.825000048	2.041737556	1.690000057
2.833333492	2.042678356	1.689800024
2.841666698	2.041268110	1.690099955
2.850000143	2.041737556	1.690000057
2.858333588	2.041737556	1.690000057
2.866666794	2.041268110	1.690099955
2.875000238	2.040328026	1.690299988
2.883333445	2.040328026	1.690299988
2.891666889	2.039388657	1.690500021
2.900000095	2.038449526	1.690700054
2.908333540	2.040328026	1.690299988
2.916666746	2.040797949	1.690199971
2.925000191	2.041268110	1.690099955
2.933333397	2.039858341	1.690400004
2.941666842	2.040797949	1.690199971
2.950000048	2.039858341	1.690400004
2.958333492	2.039858341	1.690400004
2.966666937	2.040328026	1.690299988
2.975000143	2.039858341	1.690400004
2.983333588	2.039388657	1.690500021
2.991666794	2.039388657	1.690500021
3.000000238	2.039858341	1.690400004
3.008333445	2.037980556	1.690799952
3.016666889	2.039388657	1.690500021
3.025000095	2.039388657	1.690500021
3.033333540	2.039388657	1.690500021
3.041666746	2.038918972	1.690600038
3.050000191	2.038918972	1.690600038
3.058333397	2.037042141	1.690999985
3.066666842	2.037511349	1.690899968
3.075000048	2.037042141	1.690999985
3.083333492	2.037511349	1.690899968
3.091666937	2.037511349	1.690899968
3.100000143	2.036573172	1.691100001
3.108333588	2.037042141	1.690999985
3.116666794	2.037042141	1.690999985
3.125000238	2.036104202	1.691200018
3.133333445	2.033761501	1.691699982
3.141666889	2.036573172	1.691100001
3.150000095	2.036573172	1.691100001
3.158333540	2.036104202	1.691200018
3.166666746	2.035635233	1.691300035
3.175000191	2.034698486	1.691499949
3.183333397	2.036573172	1.691100001
3.191666842	2.036573172	1.691100001
3.200000286	2.036104202	1.691200018
3.208333492	2.036573172	1.691100001
3.216666937	2.035635233	1.691300035
3.225000143	2.036573172	1.691100001
3.233333588	2.033761501	1.691699982
3.241666794	2.034698486	1.691499949
3.250000238	2.035635233	1.691300035
3.258333445	2.032824993	1.691900015
3.266666889	2.035635233	1.691300035
3.275000095	2.034698486	1.691499949
3.283333540	2.035166502	1.691400051
3.291666746	2.033761501	1.691699982
3.300000191	2.033761501	1.691699982
3.308333397	2.033761501	1.691699982
3.316666842	2.034229994	1.691599965
3.325000286	2.033761501	1.691699982
3.333333492	2.033761501	1.691699982
3.341666937	2.032824993	1.691900015
3.350000143	2.033293247	1.691799998
3.358333588	2.033761501	1.691699982
3.366666794	2.031888962	1.692100048
3.375000238	2.030018568	1.692499995
3.383333445	2.033761501	1.691699982
3.391666889	2.030018568	1.692499995
3.400000095	2.033293247	1.691799998
3.408333540	2.032824993	1.691900015
3.416666746	2.032824993	1.691900015
3.425000191	2.032824993	1.691900015
3.433333397	2.032824993	1.691900015
3.441666842	2.032824993	1.691900015
3.450000286	2.030953884	1.692299962
3.458333492	2.032824993	1.691900015
3.466666937	2.031888962	1.692100048
3.475000143	2.033293247	1.691799998
3.483333588	2.031888962	1.692100048
3.491666794	2.031421661	1.692199945
3.500000238	2.032824993	1.691900015
3.508333445	2.032356977	1.692000031
3.516666889	2.032356977	1.692000031
3.525000095	2.032824993	1.691900015
3.533333540	2.028616428	1.692800045
3.541666746	2.033293247	1.691799998
3.550000191	2.031421661	1.692199945
3.558333635	2.032356977	1.692000031
3.566666842	2.033761501	1.691699982
3.575000286	2.030486107	1.692399979
3.583333492	2.033761501	1.691699982
3.591666937	2.034229994	1.691599965
3.600000143	2.036104202	1.691200018
3.608333588	2.062053442	1.685700059
3.616666794	2.203433514	1.656900048
3.625000238	2.511886358	1.600000024
3.633333445	2.995711803	1.523499966
3.641666889	3.705100298	1.431200027
3.650000095	4.488486767	1.347900033
3.658333540	5.596287251	1.252099991
3.666666746	6.798294544	1.167600036
3.675000191	7.943282127	1.100000024
3.683333635	9.212978363	1.035599947
3.691666842	10.604739189	0.974500000
3.700000286	11.630542755	0.934400022
3.708333492	13.289235115	0.876500010
3.716666937	14.706184387	0.832499981
3.725000143	15.653086662	0.805400014
3.733333588	16.830615997	0.773899972
3.741666794	18.344249725	0.736500025
3.750000238	19.925075531	0.700600028
3.758333445	21.105712891	0.675599992
3.766666889	22.100393295	0.655600011
3.775000095	23.046237946	0.637399971
3.783333540	24.027025223	0.619300008
3.791666746	25.055320740	0.601100028
3.800000191	26.133647919	0.582799971
3.808333635	27.183164597	0.565699995
3.816666842	28.222795486	0.549399972
3.825000286	29.248256683	0.533900023
3.833333492	30.206470490	0.519900024
3.841666937	31.153009415	0.506500006
3.850000143	32.084850311	0.493699968
3.858333588	32.968559265	0.481900036
3.866666794	33.853221893	0.470400006
3.875000238	34.737617493	0.459199965
3.883333445	35.612297058	0.448400021
3.891666889	36.551063538	0.437099993
3.900000095	37.531852722	0.425599992
3.908333540	38.503482819	0.414499998
3.916666985	39.391273499	0.404599965
3.925000191	40.234630585	0.395399988
3.933333635	40.973213196	0.387499988
3.941666842	41.591060638	0.381000012
3.950000286	42.179359436	0.374900013
3.958333492	42.726764679	0.369299978
3.966666937	43.361072540	0.362899989
3.975000143	44.106235504	0.355500013
3.983333588	44.998703003	0.346799999
3.991666794	45.740402222	0.339700013
4.000000000	46.366039276	0.333799988
4.008333683	46.816612244	0.329600006
4.016666889	47.238922119	0.325700015
4.025000095	47.741931915	0.321099997
4.033333778	48.450691223	0.314700037
4.041666985	49.192626953	0.308099985
4.050000191	49.785171509	0.302899987
4.058333397	50.188011169	0.299400002
4.066667080	50.535900116	0.296399981
4.075000286	50.980018616	0.292600006
4.083333492	51.689224243	0.286599994
4.091666698	52.299797058	0.281499982
4.100000381	52.722988129	0.277999997
4.108333588	53.015151978	0.275599986
4.116666794	53.370342255	0.272700012
4.125000000	53.975914001	0.267800003
4.133333683	54.563220978	0.263099998
4.141666889	54.954090118	0.259999990
4.150000095	55.220458984	0.257900000
4.158333778	55.552040100	0.255299985
4.166666985	56.169429779	0.250499994
4.175000191	56.676105499	0.246600002
4.183333397	56.990177155	0.244199991
4.191667080	57.213695526	0.242499992
4.200000286	57.610282898	0.239499986
4.208333492	58.183521271	0.235200003
4.216666698	58.559856415	0.232400000
4.225000381	58.789531708	0.230700001
4.233333588	59.060894012	0.228699982
4.241666794	59.607376099	0.224699989
4.250000000	60.006736755	0.221799985
4.258333683	60.228214264	0.220200017
4.266666889	60.436595917	0.218700007
4.275000095	60.925624847	0.215200007
4.283333778	61.333816528	0.212300017
4.291666985	61.546024323	0.210799992
4.300000191	61.730529785	0.209500000
4.308333397	62.187057495	0.206299990
4.316667080	62.589286804	0.203500003
4.325000286	62.791378021	0.202099979
4.333333492	62.950618744	0.200999990
4.341666698	63.386970520	0.197999999
4.350000381	63.723556519	0.195699990
4.358333588	63.899875641	0.194499984
4.366666794	64.076683044	0.193299979
4.375000000	64.520835876	0.190300018
4.383333683	64.803726196	0.188400015
4.391666889	64.953117371	0.187399998
4.400000095	65.162841797	0.185999990
4.408333778	65.584320068	0.183199987
4.416666985	65.796081543	0.181799963
4.425000191	65.947753906	0.180799991
4.433333397	66.221649170	0.179000005
4.441667080	66.588615417	0.176600009
4.450000286	66.772865295	0.175399989
4.458333492	66.880577087	0.174699992
4.466666698	67.235710144	0.172399998
4.475000381	67.499412537	0.170700014
4.483333588	67.639442444	0.169799984
4.491666794	67.810974121	0.168700010
4.500000000	68.171051025	0.166400015
4.508333683	68.359680176	0.165199980
4.516666889	68.469947815	0.164499998
4.525000095	68.754318237	0.162700027
4.533333778	69.023979187	0.161000013
4.541666985	69.151245117	0.160200000
4.550000191	69.294700623	0.159299985
4.558333397	69.630577087	0.157200009
4.566667080	69.775024414	0.156300008
4.575000286	69.887580872	0.155599996
4.583333492	70.161682129	0.153900012
4.591666698	70.404434204	0.152399987
4.600000381	70.517997742	0.151700035
4.608333588	70.664291382	0.150799990
4.616666794	70.974113464	0.148900017
4.625000477	71.104972839	0.148100019
4.633333683	71.203277588	0.147500008
4.641666889	71.499008179	0.145699978
4.650000095	71.663825989	0.144700006
4.658333778	71.746383667	0.144199982
4.666666985	71.978034973	0.142800018
4.675000191	72.210441589	0.141399994
4.683333397	72.310272217	0.140799999
4.691667080	72.443595886	0.140000001
4.700000286	72.710983276	0.138399988
4.708333492	72.828269958	0.137700006
4.716666698	72.912162781	0.137200013
4.725000381	73.181282043	0.135599986
4.733333588	73.316207886	0.134800002
4.741666794	73.383766174	0.134400010
4.750000477	73.603759766	0.133100003
4.758333683	73.773437500	0.132099986
4.766666889	73.858413696	0.131600022
4.775000095	74.028678894	0.130600005
4.783333778	74.233512878	0.129399985
4.791666985	74.301918030	0.128999978
4.800000191	74.421768188	0.128300011
4.808333397	74.662063599	0.126900017
4.816667080	74.765281677	0.126300022
4.825000286	74.851409912	0.125800014
4.833333492	75.075805664	0.124499999
4.841666698	75.179595947	0.123900011
4.850000381	75.231552124	0.123599976
4.858333588	75.474456787	0.122200005
4.866666794	75.578804016	0.121599987
4.875000477	75.648445129	0.121199995
4.883333683	75.857757568	0.119999997
4.891666889	75.980125427	0.119299993
4.900000095	76.050140381	0.118899979
4.908333778	76.207901001	0.118000001
4.916666985	76.348411560	0.117199995
4.925000191	76.418762207	0.116800003
4.933333397	76.559661865	0.115999997
4.941667080	76.718482971	0.115099996
4.950000286	76.789176941	0.114699990
4.958333492	76.913047791	0.113999978
4.966666698	77.054855347	0.113199994
4.975000381	77.125854492	0.112800010
4.983333588	77.232482910	0.112199999
4.991666794	77.410522461	0.111200005
5.000000477	77.481857300	0.110799976
5.008333683	77.571105957	0.110300019
5.016666889	77.749931335	0.109299988
5.025000095	77.803657532	0.108999990
5.033333778	77.875350952	0.108599983
5.041666985	78.072845459	0.107499994
5.050000191	78.144783020	0.107100010
5.058333397	78.216789246	0.106700018
5.066667080	78.397102356	0.105699986
5.075000286	78.469337463	0.105300017
5.083333492	78.523567200	0.104999982
5.091666698	78.686462402	0.104099981
5.100000381	78.758964539	0.103700005
5.108333588	78.813385010	0.103400022
5.116666794	78.976882935	0.102500014
5.125000477	79.067863464	0.101999998
5.133333683	79.122497559	0.101700015
5.141666889	79.286636353	0.100800008
5.150000095	79.359695435	0.100400008
5.158333778	79.414535522	0.100100003
5.166666985	79.560958862	0.099299990
5.175000191	79.634269714	0.098899998
5.183333397	79.689300537	0.098599985
5.191667080	79.836227417	0.097799994
5.200000286	79.909790039	0.097400010
5.208333492	79.965011597	0.097099997
5.216667175	80.130897522	0.096199989
5.225000381	80.186271667	0.095899977
5.233333588	80.241676331	0.095600009
5.241666794	80.371116638	0.094899997
5.250000477	80.426651001	0.094600014
5.258333683	80.482231140	0.094299994
5.266666889	80.630622864	0.093499988
5.275000095	80.686340332	0.093199983
5.283333778	80.742095947	0.092899978
5.291666985	80.872337341	0.092200004
5.300000191	80.928222656	0.091899998
5.308333397	81.021446228	0.091400012
5.316667080	81.133460999	0.090799995
5.325000286	81.170829773	0.090600014
5.333333492	81.245628357	0.090200000
5.341667175	81.357948303	0.089600012
5.350000381	81.414169312	0.089300007
5.358333588	81.507957458	0.088799991
5.366666794	81.601852417	0.088299982
5.375000477	81.639434814	0.088100009
5.383333683	81.752304077	0.087499999
5.391666889	81.827636719	0.087099992
5.400000095	81.865325928	0.086900003
5.408333778	81.997383118	0.086200006
5.416666985	82.054046631	0.085899994
5.425000191	82.091842651	0.085699998
5.433333397	82.205337524	0.085099980
5.441667080	82.262138367	0.084800005
5.450000286	82.300033569	0.084599987
5.458333492	82.432792664	0.083899990
5.466667175	82.489753723	0.083599992
5.475000381	82.527748108	0.083400004
5.483333588	82.641845703	0.082799993
5.491666794	82.698951721	0.082499996
5.500000477	82.737045288	0.082299992
5.508333683	82.832351685	0.081800006
5.516666889	82.870506287	0.081600010
5.525000095	82.946868896	0.081200004
5.533333778	83.042419434	0.080700003
5.541666985	83.080673218	0.080499992
5.550000191	83.157226563	0.080100000
5.558333397	83.233856201	0.079699986
5.566667080	83.272193909	0.079499990
5.575000286	83.387313843	0.078900017
5.583333492	83.444938660	0.078599997
5.591667175	83.464157104	0.078499988
5.600000381	83.579544067	0.077900000
5.608333588	83.637298584	0.077600002
5.616666794	83.656562805	0.077499986
5.625000477	83.752929688	0.076999992
5.633333683	83.791503906	0.076800011
5.641666889	83.830101013	0.076600008
5.650000095	83.945999146	0.075999998
5.658333778	83.984664917	0.075800009
5.666666985	84.042701721	0.075499997
5.675000191	84.139511108	0.075000018
5.683333397	84.158889771	0.074900001
5.691667080	84.236442566	0.074499980
5.700000286	84.314056396	0.074100018
5.708333492	84.333473206	0.074000016
5.716667175	84.430625916	0.073499992
5.725000381	84.469512939	0.073300011
5.733333588	84.488967896	0.073199995
5.741666794	84.586296082	0.072699994
5.750000477	84.644744873	0.072399996
5.758333683	84.664237976	0.072299995
5.766666889	84.761764526	0.071800008
5.775000095	84.800811768	0.071599990
5.783333778	84.839874268	0.071399987
5.791666985	84.918045044	0.071000010
5.800000191	84.957160950	0.070800006
5.808333874	85.015869141	0.070500001
5.816667080	85.094207764	0.070100002
5.825000286	85.113800049	0.070000023
5.833333492	85.192230225	0.069600016
5.841667175	85.251098633	0.069300018
5.850000381	85.270736694	0.069199987
5.858333588	85.329658508	0.068899989
5.866666794	85.368965149	0.068699986
5.875000477	85.408287048	0.068499990
5.883333683	85.486984253	0.068100005
5.891666889	85.526359558	0.067900017
5.900000095	85.585464478	0.067599989
5.908333778	85.664329529	0.067199983
5.916666985	85.664329529	0.067199983
5.925000191	85.743263245	0.066799991
5.933333874	85.782752991	0.066600017
5.941667080	85.802513123	0.066499993
5.950000286	85.901351929	0.066000000
5.958333492	85.940917969	0.065800011
5.966667175	85.980506897	0.065600000
5.975000381	86.059730530	0.065200016
5.983333588	86.099372864	0.065000013
5.991666794	86.119201660	0.064900003
6.000000477	86.178710938	0.064600006
6.008333683	86.218406677	0.064400010
6.016666889	86.277984619	0.064100005
6.025000095	86.337608337	0.063799985
6.033333778	86.357490540	0.063699983
6.041666985	86.417160034	0.063400008
6.050000191	86.476875305	0.063100010
6.058333874	86.476875305	0.063100010
6.066667080	86.576492310	0.062600017
6.075000286	86.596435547	0.062499985
6.083333492	86.636322021	0.062299993
6.091667175	86.716156006	0.061899982
6.100000381	86.736122131	0.061799999
6.108333588	86.776077271	0.061599985
6.116666794	86.836036682	0.061300006
6.125000477	86.876037598	0.061099995
6.133333683	86.916053772	0.060899999
6.141666889	86.956092834	0.060699981
6.150000095	86.976112366	0.060600009
6.158333778	87.036216736	0.060299996
6.166666985	87.076309204	0.060099985
6.175000191	87.116416931	0.059899997
6.183333874	87.176612854	0.059600011
6.191667080	87.196693420	0.059499983
6.200000286	87.277038574	0.059099998
6.208333492	87.317237854	0.058900010
6.216667175	87.317237854	0.058900010
6.225000381	87.397697449	0.058500011
6.233333588	87.417823792	0.058400009
6.241666794	87.458091736	0.058200002
6.250000477	87.518524170	0.057900015
6.258333683	87.538681030	0.057800002
6.266666889	87.579002380	0.057600006
6.275000095	87.639518738	0.057300016
6.283333778	87.639518738	0.057300016
6.291666985	87.700080872	0.057000007
6.300000191	87.720275879	0.056900010
6.308333874	87.740478516	0.056800000
6.316667080	87.821327209	0.056400005
6.325000286	87.841552734	0.056299996
6.333333492	87.882011414	0.056100011
6.341667175	87.922492981	0.055900007
6.350000381	87.942741394	0.055800002
6.358333588	88.003509521	0.055500008
6.366666794	88.044044495	0.055300016
6.375000477	88.064323425	0.055199996
6.383333683	88.125175476	0.054900005
6.391666889	88.145469666	0.054800004
6.400000572	88.186073303	0.054599997
6.408333778	88.247009277	0.054300003
6.416666985	88.267333984	0.054199990
6.425000191	88.307991028	0.053999994
6.433333874	88.369010925	0.053700007
6.441667080	88.369010925	0.053700007
6.450000286	88.430076599	0.053399999
6.458333492	88.470809937	0.053199995
6.466667175	88.470809937	0.053199995
6.475000381	88.531944275	0.052899998
6.483333588	88.552330017	0.052800007
6.491666794	88.593124390	0.052599981
6.500000477	88.633926392	0.052400012
6.508333683	88.633926392	0.052400012
6.516666889	88.695175171	0.052100003
6.525000572	88.736030579	0.051900003
6.533333778	88.756462097	0.051800016
6.541666985	88.797348022	0.051600005
6.550000191	88.817794800	0.051500015
6.558333874	88.858711243	0.051299989
6.566667080	88.879173279	0.051199995
6.575000286	88.899642944	0.051099982
6.583333492	88.961067200	0.050800014
6.591667175	88.981559753	0.050699987
6.600000381	89.002044678	0.050600015
6.608333588	89.043045044	0.050399996
6.616666794	89.063552856	0.050299983
6.625000477	89.104576111	0.050099991
6.633333683	89.145614624	0.049900018
6.641666889	89.145614624	0.049900018
6.650000572	89.207221985	0.049599987
6.658333778	89.227760315	0.049500007
6.666666985	89.248306274	0.049400017
6.675000191	89.289421082	0.049199995
6.683333874	89.309982300	0.049099997
6.691667080	89.330551147	0.048999988
6.700000286	89.351119995	0.048900001
6.708333492	89.371696472	0.048799999
6.716667175	89.412864685	0.048599992
6.725000381	89.454048157	0.048400000
6.733333588	89.454048157	0.048400000
6.741666794	89.515861511	0.048100006
6.750000477	89.515861511	0.048100006
6.758333683	89.557098389	0.047899988
6.766666889	89.577720642	0.047799993
6.775000572	89.598350525	0.047699984
6.783333778	89.639617920	0.047500003
6.791666985	89.660263062	0.047399990
6.800000191	89.680908203	0.047300003
6.808333874	89.722221375	0.047099981
6.816667080	89.742881775	0.046999987
6.825000286	89.784217834	0.046799995
6.833333492	89.804893494	0.046699997
6.841667175	89.825576782	0.046599984
6.850000381	89.866950989	0.046399992
6.858333588	89.887641907	0.046300013
6.866666794	89.908348083	0.046199981
6.875000477	89.970474243	0.045899991
6.883333683	89.991188049	0.045800015
6.891666889	90.011917114	0.045699988
6.900000572	90.053375244	0.045500007
6.908333778	90.053375244	0.045500007
6.916666985	90.094856262	0.045300003
6.925000191	90.115600586	0.045200020
6.933333874	90.115600586	0.045200020
6.941667080	90.177879333	0.044899981
6.950000286	90.177879333	0.044899981
6.958333492	90.219413757	0.044700000
6.966667175	90.240188599	0.044600006
6.975000381	90.260971069	0.044499997
6.983333588	90.302543640	0.044300016
6.991666794	90.323341370	0.044200003
7.000000477	90.344139099	0.044100016
7.008333683	90.385757446	0.043899998
7.016666889	90.406570435	0.043800004
7.025000572	90.448211670	0.043600015
7.033333778	90.469047546	0.043499980
7.041666985	90.489875793	0.043400008
7.050000191	90.531555176	0.043200020
7.058333874	90.552406311	0.043100003
7.066667080	90.594116211	0.042900007
7.075000286	90.614982605	0.042799987
7.083333492	90.635848999	0.042699993
7.091667175	90.656723022	0.042599984
7.100000381	90.698478699	0.042399999
7.108333588	90.719367981	0.042299986
7.116667271	90.761154175	0.042099990
7.125000477	90.761154175	0.042099990
7.133333683	90.802955627	0.041900016
7.141666889	90.823867798	0.041800007
7.150000572	90.844787598	0.041699987
7.158333778	90.886627197	0.041500013
7.166666985	90.886627197	0.041500013
7.175000191	90.907562256	0.041399989
7.183333874	90.928497314	0.041299988
7.191667080	90.949432373	0.041200008
7.200000286	90.970375061	0.041100014
7.208333492	90.991325378	0.041000009
7.216667175	91.012283325	0.040899988
7.225000381	91.033241272	0.040799994
7.233333588	91.054206848	0.040699985
7.241667271	91.075172424	0.040599998
7.250000477	91.096145630	0.040499996
7.258333683	91.117126465	0.040399984
7.266666889	91.138107300	0.040299993
7.275000572	91.159095764	0.040199991
7.283333778	91.180084229	0.040100012
7.291666985	91.201080322	0.040000018
7.300000191	91.222084045	0.039900009
7.308333874	91.264106750	0.039699994
7.316667080	91.285125732	0.039599981
7.325000286	91.306144714	0.039499994
7.333333492	91.327171326	0.039399993
7.341667175	91.348197937	0.039300017
7.350000381	91.369239807	0.039199989
7.358333588	91.390281677	0.039099984
7.366667271	91.411323547	0.039000005
7.375000477	91.432373047	0.038900007
7.383333683	91.453430176	0.038800001
7.391666889	91.474487305	0.038700014
7.400000572	91.495552063	0.038600016
7.408333778	91.516624451	0.038500007
7.416666985	91.537696838	0.038400020
7.425000191	91.558776855	0.038300019
7.433333874	91.579864502	0.038200002
7.441667080	91.600952148	0.038100012
7.450000286	91.622047424	0.038000006
7.458333492	91.643150330	0.037899990
7.466667175	91.664253235	0.037799995
7.475000381	91.685363770	0.037699986
7.483333588	91.685363770	0.037699986
7.491667271	91.706474304	0.037600003
7.500000477	91.727592468	0.037500005
7.508333683	91.748718262	0.037399992
7.516666889	91.769844055	0.037300006
7.525000572	91.790977478	0.037200004
7.533333778	91.812118530	0.037099991
7.541666985	91.833259583	0.037000000
7.550000191	91.854408264	0.036899995
7.558333874	91.875556946	0.036800016
7.566667080	91.896720886	0.036699984
7.575000286	91.939048767	0.036499996
7.583333492	91.939048767	0.036499996
7.591667175	91.960220337	0.036399998
7.600000381	91.981399536	0.036299985
7.608333588	92.002578735	0.036199998
7.616667271	92.023765564	0.036100000
7.625000477	92.044960022	0.035999987
7.633333683	92.066154480	0.035899997
7.641666889	92.087356567	0.035799995
7.650000572	92.087356567	0.035799995
7.658333778	92.129776001	0.035599984
7.666666985	92.150985718	0.035500016
7.675000191	92.172210693	0.035399996
7.683333874	92.193435669	0.035300002
7.691667080	92.193435669	0.035300002
7.700000286	92.235900879	0.035100006
7.708333969	92.257141113	0.035000008
7.716667175	92.257141113	0.035000008
7.725000381	92.278388977	0.034899995
7.733333588	92.299636841	0.034800008
7.741667271	92.320892334	0.034700006
7.750000477	92.320892334	0.034700006
7.758333683	92.342155457	0.034599993
7.766666889	92.363418579	0.034500003
7.775000572	92.363418579	0.034500003
7.783333778	92.405960083	0.034300018
7.791666985	92.427246094	0.034199987
7.800000191	92.427246094	0.034199987
7.808333874	92.448524475	0.034100015
7.816667080	92.469818115	0.033999998
7.825000286	92.469818115	0.033999998
7.833333969	92.491111755	0.033900000
7.841667175	92.512413025	0.033799991
7.850000381	92.533714294	0.033700004
7.858333588	92.555023193	0.033600006
7.866667271	92.555023193	0.033600006
7.875000477	92.597656250	0.033400007
7.883333683	92.597656250	0.033400007
7.891666889	92.618980408	0.033300005
7.900000572	92.640312195	0.033199988
7.908333778	92.640312195	0.033199988
7.916666985	92.682983398	0.032999996
7.925000191	92.682983398	0.032999996
7.933333874	92.704322815	0.032900013
7.941667080	92.725677490	0.032799985
7.950000286	92.725677490	0.032799985
7.958333969	92.768386841	0.032599997
7.966667175	92.789749146	0.032499999
7.975000381	92.789749146	0.032499999
7.983333588	92.832489014	0.032300007
7.991667271	92.811119080	0.032399990
8.000000000	92.853866577	0.032200009
8.008334160	92.875251770	0.032099996
8.016667366	92.875251770	0.032099996
8.025000572	92.918029785	0.031900007
8.033333778	92.918029785	0.031900007
8.041666985	92.939430237	0.031799994
8.050000191	92.960830688	0.031700004
8.058333397	92.960830688	0.031700004
8.066667557	93.003654480	0.031499986
8.075000763	93.025070190	0.031399995
8.083333969	93.025070190	0.031399995
8.091667175	93.046493530	0.031299990
8.100000381	93.046493530	0.031299990
8.108333588	93.089347839	0.031100012
8.116666794	93.089347839	0.031100012
8.125000000	93.089347839	0.031100012
8.133334160	93.132232666	0.030899985
8.141667366	93.132232666	0.030899985
8.150000572	93.175125122	0.030700015
8.158333778	93.196586609	0.030599995
8.166666985	93.196586609	0.030599995
8.175000191	93.218048096	0.030499995
8.183333397	93.239517212	0.030399984
8.191667557	93.239517212	0.030399984
8.200000763	93.260986328	0.030299995
8.208333969	93.260986328	0.030299995
8.216667175	93.282463074	0.030199995
8.225000381	93.282463074	0.030199995
8.233333588	93.303947449	0.030099982
8.241666794	93.325431824	0.029999992
8.250000000	93.346923828	0.029899990
8.258334160	93.368415833	0.029800009
8.266667366	93.389923096	0.029699983
8.275000572	93.389923096	0.029699983
8.283333778	93.411422729	0.029600013
8.291666985	93.411422729	0.029600013
8.300000191	93.454452515	0.029400002
8.308333397	93.454452515	0.029400002
8.316667557	93.475975037	0.029299997
8.325000763	93.475975037	0.029299997
8.333333969	93.497497559	0.029200012
8.341667175	93.497497559	0.029200012
8.350000381	93.519027710	0.029100018
8.358333588	93.519027710	0.029100018
8.366666794	93.540565491	0.029000008
8.375000000	93.562110901	0.028899988
8.383334160	93.562110901	0.028899988
8.391667366	93.583656311	0.028799990
8.400000572	93.583656311	0.028799990
8.408333778	93.626762390	0.028599994
8.416666985	93.626762390	0.028599994
8.425000191	93.626762390	0.028599994
8.433333397	93.669891357	0.028399983
8.441667557	93.669891357	0.028399983
8.450000763	93.691459656	0.028299995
8.458333969	93.713035583	0.028199995
8.466667175	93.713035583	0.028199995
8.475000381	93.734611511	0.028100016
8.483333588	93.734611511	0.028100016
8.491666794	93.756202698	0.027999992
8.500000000	93.777793884	0.027899988
8.508334160	93.799385071	0.027800009
8.516667366	93.799385071	0.027800009
8.525000572	93.820983887	0.027700016
8.533333778	93.842590332	0.027600013
8.541666985	93.842590332	0.027600013
8.550000191	93.842590332	0.027600013
8.558333397	93.885818481	0.027400004
8.566667557	93.885818481	0.027400004
8.575000763	93.907440186	0.027299998
8.583333969	93.907440186	0.027299998
8.591667175	93.929061890	0.027200015
8.600000381	93.950698853	0.027099986
8.608333588	93.950698853	0.027099986
8.616666794	93.972328186	0.027000014
8.625000000	93.972328186	0.027000014
8.633334160	93.993972778	0.026899993
8.641667366	94.015617371	0.026799997
8.650000572	94.015617371	0.026799997
8.658333778	94.037269592	0.026699990
8.666666985	94.037269592	0.026699990
8.675000191	94.037269592	0.026699990
8.683333397	94.037269592	0.026699990
8.691667557	94.058921814	0.026600003
8.700000763	94.058921814	0.026600003
8.708333969	94.080581665	0.026500005
8.716667175	94.080581665	0.026500005
8.725000381	94.102249146	0.026399996
8.733333588	94.123916626	0.026300009
8.741666794	94.123916626	0.026300009
8.750000000	94.167274475	0.026099999
8.758334160	94.167274475	0.026099999
8.766667366	94.188957214	0.026000012
8.775000572	94.188957214	0.026000012
8.783333778	94.210647583	0.025900012
8.791666985	94.232345581	0.025799999
8.800000191	94.232345581	0.025799999
8.808333397	94.254043579	0.025700008
8.816667557	94.275749207	0.025600007
8.825000763	94.275749207	0.025600007
8.833333969	94.275749207	0.025600007
8.841667175	94.297462463	0.025499994
8.850000381	94.297462463	0.025499994
8.858333588	94.340896606	0.025300000
8.866666794	94.340896606	0.025300000
8.875000000	94.362625122	0.025199985
8.883334160	94.362625122	0.025199985
8.891667366	94.384353638	0.025099995
8.900000572	94.406089783	0.024999989
8.908333778	94.406089783	0.024999989
8.916666985	94.406089783	0.024999989
8.925000191	94.427825928	0.024900010
8.933333397	94.449569702	0.024800016
8.941667557	94.449569702	0.024800016
8.950000763	94.449569702	0.024800016
8.958333969	94.471321106	0.024700012
8.966667175	94.493080139	0.024599994
8.975000381	94.514839172	0.024500001
8.983333588	94.514839172	0.024500001
8.991666794	94.536605835	0.024399994
9.000000000	94.536605835	0.024399994
9.008334160	94.558372498	0.024300011
9.016667366	94.580146790	0.024200017
9.025000572	94.601928711	0.024100009
9.033333778	94.601928711	0.024100009
9.041666985	94.623718262	0.023999991
9.050000191	94.645507813	0.023899995
9.058333397	94.645507813	0.023899995
9.066667557	94.667304993	0.023799986
9.075000763	94.667304993	0.023799986
9.083333969	94.689102173	0.023700001
9.091667175	94.689102173	0.023700001
9.100000381	94.710906982	0.023600005
9.108333588	94.732719421	0.023499995
9.116666794	94.710906982	0.023600005
9.125000000	94.754531860	0.023400011
9.133334160	94.754531860	0.023400011
9.141667366	94.754531860	0.023400011
9.150000572	94.776351929	0.023300013
9.158333778	94.798179626	0.023200002
9.166666985	94.798179626	0.023200002
9.175000191	94.798179626	0.023200002
9.183333397	94.820007324	0.023100015
9.191667557	94.820007324	0.023100015
9.200000763	94.820007324	0.023100015
9.208333969	94.841842651	0.023000017
9.216667175	94.863685608	0.022900006
9.225000381	94.863685608	0.022900006
9.233333588	94.863685608	0.022900006
9.241666794	94.885536194	0.022799984
9.250000954	94.907386780	0.022699984
9.258334160	94.929237366	0.022600008
9.266667366	94.907386780	0.022699984
9.275000572	94.951103210	0.022499984
9.283333778	94.951103210	0.022499984
9.291666985	94.951103210	0.022499984
9.300000191	94.972969055	0.022399984
9.308333397	94.972969055	0.022399984
9.316667557	94.994834900	0.022300007
9.325000763	94.994834900	0.022300007
9.333333969	95.016716003	0.022199985
9.341667175	95.016716003	0.022199985
9.350000381	95.038597107	0.022099983
9.358333588	95.038597107	0.022099983
9.366666794	95.038597107	0.022099983
9.375000954	95.060478210	0.022000005
9.383334160	95.060478210	0.022000005
9.391667366	95.082366943	0.021900015
9.400000572	95.082366943	0.021900015
9.408333778	95.082366943	0.021900015
9.416666985	95.104263306	0.021800015
9.425000191	95.126167297	0.021700000
9.433333397	95.126167297	0.021700000
9.441667557	95.126167297	0.021700000
9.450000763	95.148071289	0.021600010
9.458333969	95.169982910	0.021500008
9.466667175	95.169982910	0.021500008
9.475000381	95.191902161	0.021399995
9.483333588	95.191902161	0.021399995
9.491666794	95.213821411	0.021300005
9.500000954	95.213821411	0.021300005
9.508334160	95.235748291	0.021200001
9.516667366	95.235748291	0.021200001
9.525000572	95.257682800	0.021099987
9.533333778	95.257682800	0.021099987
9.541666985	95.279617310	0.020999996
9.550000191	95.279617310	0.020999996
9.558333397	95.301559448	0.020899992
9.566667557	95.323501587	0.020800013
9.575000763	95.323501587	0.020800013
9.583333969	95.323501587	0.020800013
9.591667175	95.323501587	0.020800013
9.600000381	95.345458984	0.020699987
9.608333588	95.367408752	0.020600017
9.616666794	95.367408752	0.020600017
9.625000954	95.389373779	0.020500002
9.633334160	95.389373779	0.020500002
9.641667366	95.389373779	0.020500002
9.650000572	95.411338806	0.020400010
9.658333778	95.411338806	0.020400010
9.666666985	95.411338806	0.020400010
9.675000191	95.433311462	0.020300006
9.683333397	95.433311462	0.020300006
9.691667557	95.455291748	0.020199990
9.700000763	95.455291748	0.020199990
9.708333969	95.455291748	0.020199990
9.716667175	95.499259949	0.019999994
9.725000381	95.499259949	0.019999994
9.733333588	95.499259949	0.019999994
9.741666794	95.521247864	0.019900013
9.750000954	95.499259949	0.019999994
9.758334160	95.521247864	0.019900013
9.766667366	95.543251038	0.019799985
9.775000572	95.565246582	0.019700015
9.783333778	95.565246582	0.019700015
9.791666985	95.565246582	0.019700015
9.800000191	95.587257385	0.019599998
9.808333397	95.587257385	0.019599998
9.816667557	95.587257385	0.019599998
9.825000763	95.587257385	0.019599998
9.833333969	95.587257385	0.019599998
9.841667175	95.609268188	0.019500006
9.850000381	95.609268188	0.019500006
9.858333588	95.631286621	0.019400001
9.866666794	95.631286621	0.019400001
9.875000954	95.631286621	0.019400001
9.883334160	95.653312683	0.019299984
9.891667366	95.653312683	0.019299984
9.900000572	95.675338745	0.019199992
9.908333778	95.697372437	0.019099986
9.916666985	95.697372437	0.019099986
9.925000191	95.697372437	0.019099986
9.933333397	95.697372437	0.019099986
9.941667557	95.697372437	0.019099986
9.950000763	95.719406128	0.019000005
9.958333969	95.719406128	0.019000005
9.966667175	95.741447449	0.018900011
9.975000381	95.741447449	0.018900011
9.983333588	95.741447449	0.018900011
9.991666794	95.785552979	0.018699989
10.000000954	95.763496399	0.018800005
10.008334160	95.785552979	0.018699989
10.016667366	95.785552979	0.018699989
10.025000572	95.829673767	0.018499991
10.033333778	95.807609558	0.018599996
10.041666985	95.829673767	0.018499991
10.050000191	95.829673767	0.018499991
10.058333397	95.829673767	0.018499991
10.066667557	95.851737976	0.018400008
10.075000763	95.851737976	0.018400008
10.083333969	95.873809814	0.018300014
10.091667175	95.873809814	0.018300014
10.100000381	95.895889282	0.018200008
10.108333588	95.895889282	0.018200008
10.116666794	95.895889282	0.018200008
10.125000954	95.917976379	0.018099992
10.133334160	95.917976379	0.018099992
10.141667366	95.917976379	0.018099992
10.150000572	95.917976379	0.018099992
10.158333778	95.940063477	0.017999999
10.166666985	95.940063477	0.017999999
10.175000191	95.940063477	0.017999999
10.183333397	95.940063477	0.017999999
10.191667557	95.962158203	0.017899994
10.200000763	95.984252930	0.017800011
10.208333969	95.984252930	0.017800011
10.216667175	95.984252930	0.017800011
10.225000381	96.006362915	0.017699983
10.233333588	96.006362915	0.017699983
10.241666794	96.028465271	0.017600011
10.250000954	96.028465271	0.017600011
10.258334160	96.028465271	0.017600011
10.266667366	96.050582886	0.017499994
10.275000572	96.072700500	0.017400002
10.283333778	96.072700500	0.017400002
10.291666985	96.072700500	0.017400002
10.300000191	96.072700500	0.017400002
10.308333397	96.094825745	0.017299997
10.316667557	96.094825745	0.017299997
10.325000763	96.094825745	0.017299997
10.333333969	96.116950989	0.017200014
10.341667175	96.139091492	0.017099986
10.350000381	96.139091492	0.017099986
10.358333588	96.139091492	0.017099986
10.366666794	96.139091492	0.017099986
10.375000954	96.161224365	0.017000016
10.383334160	96.161224365	0.017000016
10.391667366	96.161224365	0.017000016
10.400000572	96.183372498	0.016899999
10.408333778	96.183372498	0.016899999
10.416666985	96.183372498	0.016899999
10.425000191	96.183372498	0.016899999
10.433334351	96.205520630	0.016800005
10.441667557	96.205520630	0.016800005
10.450000763	96.205520630	0.016800005
10.458333969	96.227676392	0.016700001
10.466667175	96.227676392	0.016700001
10.475000381	96.227676392	0.016700001
10.483333588	96.249839783	0.016599985
10.491666794	96.249839783	0.016599985
10.500000954	96.272003174	0.016499992
10.508334160	96.272003174	0.016499992
10.516667366	96.272003174	0.016499992
10.525000572	96.272003174	0.016499992
10.533333778	96.294174194	0.016399987
10.541666985	96.294174194	0.016399987
10.550000191	96.294174194	0.016399987
10.558334351	96.316345215	0.016300006
10.566667557	96.316345215	0.016300006
10.575000763	96.338523865	0.016200012
10.583333969	96.338523865	0.016200012
10.591667175	96.338523865	0.016200012
10.600000381	96.338523865	0.016200012
10.608333588	96.360710144	0.016100008
10.616666794	96.360710144	0.016100008
10.625000954	96.360710144	0.016100008
10.633334160	96.360710144	0.016100008
10.641667366	96.382904053	0.015999993
10.650000572	96.382904053	0.015999993
10.658333778	96.382904053	0.015999993
10.666666985	96.405097961	0.015899999
10.675000191	96.405097961	0.015899999
10.683334351	96.427299500	0.015799996
10.691667557	96.427299500	0.015799996
10.700000763	96.427299500	0.015799996
10.708333969	96.427299500	0.015799996
10.716667175	96.449501038	0.015700014
10.725000381	96.449501038	0.015700014
10.733333588	96.471717834	0.015599988
10.741666794	96.471717834	0.015599988
10.750000954	96.471717834	0.015599988
10.758334160	96.493934631	0.015499985
10.766667366	96.493934631	0.015499985
10.775000572	96.493934631	0.015499985
10.783333778	96.493934631	0.015499985
10.791666985	96.516151428	0.015400004
10.800000191	96.516151428	0.015400004
10.808334351	96.516151428	0.015400004
10.816667557	96.538375854	0.015300012
10.825000763	96.538375854	0.015300012
10.833333969	96.516151428	0.015400004
10.841667175	96.538375854	0.015300012
10.850000381	96.538375854	0.015300012
10.858333588	96.560607910	0.015200009
10.866666794	96.560607910	0.015200009
10.875000954	96.560607910	0.015200009
10.883334160	96.560607910	0.015200009
10.891667366	96.582847595	0.015099994
10.900000572	96.582847595	0.015099994
10.908333778	96.582847595	0.015099994
10.916666985	96.582847595	0.015099994
10.925000191	96.605087280	0.015000002
10.933334351	96.605087280	0.015000002
10.941667557	96.627334595	0.014900000
10.950000763	96.627334595	0.014900000
10.958333969	96.649589539	0.014799986
10.966667175	96.649589539	0.014799986
10.975000381	96.649589539	0.014799986
10.983333588	96.649589539	0.014799986
10.991666794	96.671844482	0.014699996
11.000000954	96.649589539	0.014799986
11.008334160	96.671844482	0.014699996
11.016667366	96.671844482	0.014699996
11.025000572	96.671844482	0.014699996
11.033333778	96.649589539	0.014799986
11.041666985	96.671844482	0.014699996
11.050000191	96.694107056	0.014599993
11.058334351	96.694107056	0.014599993
11.066667557	96.694107056	0.014599993
11.075000763	96.716369629	0.014500014
11.083333969	96.716369629	0.014500014
11.091667175	96.716369629	0.014500014
11.100000381	96.738647461	0.014399989
11.108333588	96.738647461	0.014399989
11.116666794	96.738647461	0.014399989
11.125000954	96.760925293	0.014299987
11.133334160	96.760925293	0.014299987
11.141667366	96.760925293	0.014299987
11.150000572	96.760925293	0.014299987
11.158333778	96.760925293	0.014299987
11.166666985	96.760925293	0.014299987
11.175000191	96.783203125	0.014200008
11.183334351	96.783203125	0.014200008
11.191667557	96.783203125	0.014200008
11.200000763	96.805496216	0.014099984
11.208333969	96.805496216	0.014099984
11.216667175	96.805496216	0.014099984
11.225000381	96.827789307	0.013999984
11.233333588	96.827789307	0.013999984
11.241666794	96.827789307	0.013999984
11.250000954	96.827789307	0.013999984
11.258334160	96.850082397	0.013900005
11.266667366	96.850082397	0.013900005
11.275000572	96.872383118	0.013800017
11.283333778	96.872383118	0.013800017
11.291666985	96.872383118	0.013800017
11.300000191	96.894691467	0.013700016
11.308334351	96.894691467	0.013700016
11.316667557	96.894691467	0.013700016
11.325000763	96.894691467	0.013700016
11.333333969	96.894691467	0.013700016
11.341667175	96.917007446	0.013600004
11.350000381	96.917007446	0.013600004
11.358333588	96.939323425	0.013500015
11.366666794	96.939323425	0.013500015
11.375000954	96.939323425	0.013500015
11.383334160	96.939323425	0.013500015
11.391667366	96.939323425	0.013500015
11.400000572	96.961647034	0.013400016
11.408333778	96.961647034	0.013400016
11.416666985	96.961647034	0.013400016
11.425000191	96.983978271	0.013300005
11.433334351	96.983978271	0.013300005
11.441667557	97.006317139	0.013199983
11.450000763	96.983978271	0.013300005
11.458333969	97.006317139	0.013199983
11.466667175	97.006317139	0.013199983
11.475000381	97.028656006	0.013099984
11.483333588	97.028656006	0.013099984
11.491666794	97.028656006	0.013099984
11.500000954	97.050994873	0.013000009
11.508334160	97.050994873	0.013000009
11.516667366	97.050994873	0.013000009
11.525000572	97.050994873	0.013000009
11.533333778	97.050994873	0.013000009
11.541666985	97.050994873	0.013000009
11.550000191	97.073348999	0.012899987
11.558334351	97.073348999	0.012899987
11.566667557	97.095703125	0.012799989
11.575000763	97.095703125	0.012799989
11.583333969	97.095703125	0.012799989
11.591667175	97.095703125	0.012799989
11.600000381	97.095703125	0.012799989
11.608333588	97.118057251	0.012700014
11.616667747	97.118057251	0.012700014
11.625000954	97.118057251	0.012700014
11.633334160	97.140426636	0.012599993
11.641667366	97.140426636	0.012599993
11.650000572	97.140426636	0.012599993
11.658333778	97.140426636	0.012599993
11.666666985	97.140426636	0.012599993
11.675000191	97.140426636	0.012599993
11.683334351	97.140426636	0.012599993
11.691667557	97.140426636	0.012599993
11.700000763	97.140426636	0.012599993
11.708333969	97.140426636	0.012599993
11.716667175	97.162796021	0.012499996
11.725000381	97.162796021	0.012499996
11.733333588	97.162796021	0.012499996
11.741667747	97.162796021	0.012499996
11.750000954	97.185173035	0.012399987
11.758334160	97.162796021	0.012499996
11.766667366	97.185173035	0.012399987
11.775000572	97.185173035	0.012399987
11.783333778	97.185173035	0.012399987
11.791666985	97.185173035	0.012399987
11.800000191	97.207550049	0.012300002
11.808334351	97.207550049	0.012300002
11.816667557	97.207550049	0.012300002
11.825000763	97.207550049	0.012300002
11.833333969	97.207550049	0.012300002
11.841667175	97.207550049	0.012300002
11.850000381	97.229934692	0.012200006
11.858333588	97.229934692	0.012200006
11.866667747	97.229934692	0.012200006
11.875000954	97.229934692	0.012200006
11.883334160	97.229934692	0.012200006
11.891667366	97.252326965	0.012099998
11.900000572	97.229934692	0.012200006
11.908333778	97.252326965	0.012099998
11.916666985	97.252326965	0.012099998
11.925000191	97.274719238	0.012000014
11.933334351	97.252326965	0.012099998
11.941667557	97.252326965	0.012099998
11.950000763	97.274719238	0.012000014
11.958333969	97.274719238	0.012000014
11.966667175	97.274719238	0.012000014
11.975000381	97.274719238	0.012000014
11.983333588	97.274719238	0.012000014
11.991667747	97.297126770	0.011899984
12.000000954	97.297126770	0.011899984
12.008334160	97.297126770	0.011899984
12.016667366	97.319526672	0.011800012
12.025000572	97.297126770	0.011899984
12.033333778	97.319526672	0.011800012
12.041666985	97.319526672	0.011800012
12.050000191	97.319526672	0.011800012
12.058334351	97.341941833	0.011699994
12.066667557	97.341941833	0.011699994
12.075000763	97.364356995	0.011600000
12.083333969	97.364356995	0.011600000
12.091667175	97.386779785	0.011499994
12.100000381	97.386779785	0.011499994
12.108333588	97.386779785	0.011499994
12.116667747	97.386779785	0.011499994
12.125000954	97.386779785	0.011499994
12.133334160	97.386779785	0.011499994
12.141667366	97.409202576	0.011400012
12.150000572	97.409202576	0.011400012
12.158333778	97.431640625	0.011299985
12.166666985	97.431640625	0.011299985
12.175000191	97.431640625	0.011299985
12.183334351	97.431640625	0.011299985
12.191667557	97.431640625	0.011299985
12.200000763	97.454071045	0.011200014
12.208333969	97.454071045	0.011200014
12.216667175	97.454071045	0.011200014
12.225000381	97.476516724	0.011099999
12.233333588	97.454071045	0.011200014
12.241667747	97.476516724	0.011099999
12.250000954	97.476516724	0.011099999
12.258334160	97.498962402	0.011000006
12.266667366	97.498962402	0.011000006
12.275000572	97.498962402	0.011000006
12.283333778	97.498962402	0.011000006
12.291666985	97.498962402	0.011000006
12.300000191	97.521415710	0.010900003
12.308334351	97.521415710	0.010900003
12.316667557	97.521415710	0.010900003
12.325000763	97.521415710	0.010900003
12.333333969	97.521415710	0.010900003
12.341667175	97.521415710	0.010900003
12.350000381	97.521415710	0.010900003
12.358333588	97.543876648	0.010799988
12.366667747	97.521415710	0.010900003
12.375000954	97.543876648	0.010799988
12.383334160	97.543876648	0.010799988
12.391667366	97.543876648	0.010799988
12.400000572	97.543876648	0.010799988
12.408333778	97.543876648	0.010799988
12.416666985	97.543876648	0.010799988
12.425000191	97.566337585	0.010699997
12.433334351	97.566337585	0.010699997
12.441667557	97.588806152	0.010599995
12.450000763	97.566337585	0.010699997
12.458333969	97.588806152	0.010599995
12.466667175	97.588806152	0.010599995
12.475000381	97.588806152	0.010599995
12.483333588	97.588806152	0.010599995
12.491667747	97.588806152	0.010599995
12.500000954	97.611274719	0.010500016
12.508334160	97.611274719	0.010500016
12.516667366	97.611274719	0.010500016
12.525000572	97.633758545	0.010399992
12.533333778	97.633758545	0.010399992
12.541666985	97.633758545	0.010399992
12.550000191	97.633758545	0.010399992
12.558334351	97.656242371	0.010299991
12.566667557	97.656242371	0.010299991
12.575000763	97.656242371	0.010299991
12.583333969	97.656242371	0.010299991
12.591667175	97.656242371	0.010299991
12.600000381	97.656242371	0.010299991
12.608333588	97.656242371	0.010299991
12.616667747	97.678726196	0.010200012
12.625000954	97.678726196	0.010200012
12.633334160	97.678726196	0.010200012
12.641667366	97.678726196	0.010200012
12.650000572	97.678726196	0.010200012
12.658333778	97.678726196	0.010200012
12.666666985	97.701225281	0.010099989
12.675000191	97.701225281	0.010099989
12.683334351	97.701225281	0.010099989
12.691667557	97.723724365	0.009999990
12.700000763	97.723724365	0.009999990
12.708333969	97.723724365	0.009999990
12.716667175	97.723724365	0.009999990
12.725000381	97.723724365	0.009999990
12.733333588	97.723724365	0.009999990
12.741667747	97.746223450	0.009900013
12.750000954	97.746223450	0.009900013
12.758334160	97.723724365	0.009999990
12.766667366	97.746223450	0.009900013
12.775000572	97.746223450	0.009900013
12.783333778	97.746223450	0.009900013
12.791666985	97.746223450	0.009900013
12.800001144	97.746223450	0.009900013
12.808334351	97.746223450	0.009900013
12.816667557	97.768737793	0.009799992
12.825000763	97.768737793	0.009799992
12.833333969	97.768737793	0.009799992
12.841667175	97.768737793	0.009799992
12.850000381	97.768737793	0.009799992
12.858333588	97.791252136	0.009699993
12.866667747	97.768737793	0.009799992
12.875000954	97.791252136	0.009699993
12.883334160	97.791252136	0.009699993
12.891667366	97.791252136	0.009699993
12.900000572	97.791252136	0.009699993
12.908333778	97.791252136	0.009699993
12.916666985	97.791252136	0.009699993
12.925001144	97.791252136	0.009699993
12.933334351	97.813774109	0.009599984
12.941667557	97.813774109	0.009599984
12.950000763	97.791252136	0.009699993
12.958333969	97.813774109	0.009599984
12.966667175	97.813774109	0.009599984
12.975000381	97.813774109	0.009599984
12.983333588	97.813774109	0.009599984
12.991667747	97.813774109	0.009599984
13.000000954	97.813774109	0.009599984
13.008334160	97.813774109	0.009599984
13.016667366	97.813774109	0.009599984
13.025000572	97.836296082	0.009499997
13.033333778	97.836296082	0.009499997
13.041666985	97.836296082	0.009499997
13.050001144	97.836296082	0.009499997
13.058334351	97.836296082	0.009499997
13.066667557	97.836296082	0.009499997
13.075000763	97.836296082	0.009499997
13.083333969	97.836296082	0.009499997
13.091667175	97.858825684	0.009400000
13.100000381	97.858825684	0.009400000
13.108333588	97.858825684	0.009400000
13.116667747	97.858825684	0.009400000
13.125000954	97.881362915	0.009299992
13.133334160	97.858825684	0.009400000
13.141667366	97.881362915	0.009299992
13.150000572	97.881362915	0.009299992
13.158333778	97.881362915	0.009299992
13.166666985	97.903900146	0.009200007
13.175001144	97.881362915	0.009299992
13.183334351	97.903900146	0.009200007
13.191667557	97.903900146	0.009200007
13.200000763	97.903900146	0.009200007
13.208333969	97.903900146	0.009200007
13.216667175	97.903900146	0.009200007
13.225000381	97.903900146	0.009200007
13.233333588	97.903900146	0.009200007
13.241667747	97.903900146	0.009200007
13.250000954	97.903900146	0.009200007
13.258334160	97.903900146	0.009200007
13.266667366	97.903900146	0.009200007
13.275000572	97.903900146	0.009200007
13.283333778	97.903900146	0.009200007
13.291666985	97.903900146	0.009200007
13.300001144	97.903900146	0.009200007
13.308334351	97.926445007	0.009100012
13.316667557	97.926445007	0.009100012
13.325000763	97.926445007	0.009100012
13.333333969	97.948997498	0.009000004
13.341667175	97.926445007	0.009100012
13.350000381	97.948997498	0.009000004
13.358333588	97.948997498	0.009000004
13.366667747	97.948997498	0.009000004
13.375000954	97.948997498	0.009000004
13.383334160	97.971557617	0.008899987
13.391667366	97.948997498	0.009000004
